#MESSTELLEN_NR	ZEIT	JAHR	HJAHR	MONAT	Q	Q_MIN	Q_MAX
420210	2020-12-01 00:00:00	2020	2021	12	3.983979166666667	3.402	4.324
420210	2020-12-02 00:00:00	2020	2021	12	4.295927083333333	3.846	4.832
420210	2020-12-03 00:00:00	2020	2021	12	4.350572916666667	4.081	4.832
420210	2020-12-04 00:00:00	2020	2021	12	4.11490625	3.846	4.324
420210	2020-12-05 00:00:00	2020	2021	12	4.003875	3.402	4.324
420210	2020-12-06 00:00:00	2020	2021	12	3.9639375	3.62	4.324
420210	2020-12-07 00:00:00	2020	2021	12	4.21246875	3.193	5.096
420210	2020-12-08 00:00:00	2020	2021	12	4.552895833333333	3.402	5.367
420210	2020-12-09 00:00:00	2020	2021	12	4.736208333333333	2.803	8.357
420210	2020-12-10 00:00:00	2020	2021	12	3.6677708333333334	3.193	4.324
420210	2020-12-11 00:00:00	2020	2021	12	3.989625	3.62	4.324
420210	2020-12-12 00:00:00	2020	2021	12	4.0863958333333334	3.62	4.574
420210	2020-12-13 00:00:00	2020	2021	12	4.013760416666667	3.62	4.574
420210	2020-12-14 00:00:00	2020	2021	12	3.69278125	3.402	4.081
420210	2020-12-15 00:00:00	2020	2021	12	3.8222395833333334	3.193	4.324
420210	2020-12-16 00:00:00	2020	2021	12	3.877197916666667	3.193	4.574
420210	2020-12-17 00:00:00	2020	2021	12	3.7156458333333333	3.193	4.081
420210	2020-12-18 00:00:00	2020	2021	12	3.554666666666667	2.993	4.081
420210	2020-12-19 00:00:00	2020	2021	12	3.5256041666666667	2.993	4.081
420210	2020-12-20 00:00:00	2020	2021	12	3.5848645833333332	3.193	3.846
420210	2020-12-21 00:00:00	2020	2021	12	3.6295729166666666	3.193	4.081
420210	2020-12-22 00:00:00	2020	2021	12	4.621666666666667	3.62	5.096
420210	2020-12-23 00:00:00	2020	2021	12	8.098635416666667	4.574	16.521
420210	2020-12-24 00:00:00	2020	2021	12	27.3065	17.265	34.471
420210	2020-12-25 00:00:00	2020	2021	12	36.46757291666667	35.1	37.677
420210	2020-12-26 00:00:00	2020	2021	12	33.542572916666664	30.259	37.024
420210	2020-12-27 00:00:00	2020	2021	12	27.221697916666667	24.928	30.259
420210	2020-12-28 00:00:00	2020	2021	12	23.540145833333334	22.139	25.422
420210	2020-12-29 00:00:00	2020	2021	12	21.5673125	17.643	23.038
420210	2020-12-30 00:00:00	2020	2021	12	18.367979166666668	17.265	19.2
420210	2020-12-31 00:00:00	2020	2021	12	17.011833333333332	15.074	18.025
420210	2021-01-01 00:00:00	2021	2021	1	15.53753125	14.72	16.891
420210	2021-01-02 00:00:00	2021	2021	1	14.019083333333333	13.671	14.72
420210	2021-01-03 00:00:00	2021	2021	1	12.8553125	12.302	13.671
420210	2021-01-04 00:00:00	2021	2021	1	12.058427083333333	9.975	14.018
420210	2021-01-05 00:00:00	2021	2021	1	11.167625	10.632	11.629
420210	2021-01-06 00:00:00	2021	2021	1	10.69803125	10.303	11.295
420210	2021-01-07 00:00:00	2021	2021	1	10.008708333333333	8.999	11.965
420210	2021-01-08 00:00:00	2021	2021	1	9.808458333333334	8.999	10.632
420210	2021-01-09 00:00:00	2021	2021	1	9.50259375	8.999	9.975
420210	2021-01-10 00:00:00	2021	2021	1	8.676604166666667	7.727	9.322
420210	2021-01-11 00:00:00	2021	2021	1	8.3035	7.727	9.322
420210	2021-01-12 00:00:00	2021	2021	1	7.962458333333333	7.416	8.999
420210	2021-01-13 00:00:00	2021	2021	1	9.43165625	8.999	10.303
420210	2021-01-14 00:00:00	2021	2021	1	8.69959375	8.04	9.648
420210	2021-01-15 00:00:00	2021	2021	1	7.9128125	6.807	8.677
420210	2021-01-16 00:00:00	2021	2021	1	7.323239583333334	6.509	8.04
420210	2021-01-17 00:00:00	2021	2021	1	6.94703125	5.096	8.677
420210	2021-01-18 00:00:00	2021	2021	1	6.807697916666666	6.215	7.727
420210	2021-01-19 00:00:00	2021	2021	1	7.601135416666667	6.509	8.677
420210	2021-01-20 00:00:00	2021	2021	1	9.750604166666667	8.677	11.965
420210	2021-01-21 00:00:00	2021	2021	1	10.671364583333334	9.975	11.629
420210	2021-01-22 00:00:00	2021	2021	1	16.767875	11.965	26.954
420210	2021-01-23 00:00:00	2021	2021	1	41.092135416666665	28.021	45.171
420210	2021-01-24 00:00:00	2021	2021	1	37.11396875	33.232	41.701
420210	2021-01-25 00:00:00	2021	2021	1	29.696260416666668	25.422	33.232
420210	2021-01-26 00:00:00	2021	2021	1	24.79248958333333	23.038	27.483
420210	2021-01-27 00:00:00	2021	2021	1	21.746375	20.423	23.038
420210	2021-01-28 00:00:00	2021	2021	1	20.444072916666666	20.01	21.7
420210	2021-01-29 00:00:00	2021	2021	1	37.11415625	22.139	59.766
420210	2021-01-30 00:00:00	2021	2021	1	121.87953125	61.294	140.447
420210	2021-01-31 00:00:00	2021	2021	1	108.51865625	90.793	126.442
420210	2021-02-01 00:00:00	2021	2021	2	86.99358333333333	83.588	90.793
420210	2021-02-02 00:00:00	2021	2021	2	84.945375	82.703	86.264
420210	2021-02-03 00:00:00	2021	2021	2	81.8374375	80.074	86.264
420210	2021-02-04 00:00:00	2021	2021	2	123.89939583333333	86.264	152.599
420210	2021-02-05 00:00:00	2021	2021	2	131.96434375	118.316	152.599
420210	2021-02-06 00:00:00	2021	2021	2	149.54961458333332	129.582	163.279
420210	2021-02-07 00:00:00	2021	2021	2	165.51615625	160.111	167.468
420210	2021-02-08 00:00:00	2021	2021	2	140.68632291666665	122.336	160.111
420210	2021-02-09 00:00:00	2021	2021	2	114.84286458333334	104.759	122.336
420210	2021-02-10 00:00:00	2021	2021	2	94.43021875	88.066	104.759
420210	2021-02-11 00:00:00	2021	2021	2	84.50942708333334	80.074	88.972
420210	2021-02-12 00:00:00	2021	2021	2	75.11379166666667	68.36	80.074
420210	2021-02-13 00:00:00	2021	2021	2	61.62227083333333	56.008	68.36
420210	2021-02-14 00:00:00	2021	2021	2	51.12140625	46.582	56.008
420210	2021-02-15 00:00:00	2021	2021	2	45.2428125	43.078	46.582
420210	2021-02-16 00:00:00	2021	2021	2	42.57683333333333	41.019	43.772
420210	2021-02-17 00:00:00	2021	2021	2	45.90886458333333	41.019	62.836
420210	2021-02-18 00:00:00	2021	2021	2	88.23036458333333	63.613	98.184
420210	2021-02-19 00:00:00	2021	2021	2	89.49203125	81.823	94.47
420210	2021-02-20 00:00:00	2021	2021	2	86.13457291666667	78.343	94.47
420210	2021-02-21 00:00:00	2021	2021	2	75.60427083333333	72.436	79.206
420210	2021-02-22 00:00:00	2021	2021	2	70.23079166666666	67.558	72.436
420210	2021-02-23 00:00:00	2021	2021	2	65.5651875	62.836	67.558
420210	2021-02-24 00:00:00	2021	2021	2	61.49771875	59.766	63.613
420210	2021-02-25 00:00:00	2021	2021	2	59.821645833333335	59.008	60.528
420210	2021-02-26 00:00:00	2021	2021	2	60.0289375	59.008	61.294
420210	2021-02-27 00:00:00	2021	2021	2	61.55871875	60.528	62.063
420210	2021-02-28 00:00:00	2021	2021	2	57.89859375	55.266	60.528
420210	2021-03-01 00:00:00	2021	2021	3	52.62614583333333	49.435	55.266
420210	2021-03-02 00:00:00	2021	2021	3	47.556875	44.47	50.155
420210	2021-03-03 00:00:00	2021	2021	3	42.71882291666667	41.019	45.171
420210	2021-03-04 00:00:00	2021	2021	3	39.67572916666666	38.999	41.019
420210	2021-03-05 00:00:00	2021	2021	3	38.81397916666667	37.677	39.667
420210	2021-03-06 00:00:00	2021	2021	3	35.97521875	33.848	37.677
420210	2021-03-07 00:00:00	2021	2021	3	32.71101041666667	30.838	33.848
420210	2021-03-08 00:00:00	2021	2021	3	30.4279375	29.123	32.021
420210	2021-03-09 00:00:00	2021	2021	3	29.0808125	28.568	30.259
420210	2021-03-10 00:00:00	2021	2021	3	28.079989583333333	27.483	29.123
420210	2021-03-11 00:00:00	2021	2021	3	27.229895833333334	26.954	28.021
420210	2021-03-12 00:00:00	2021	2021	3	28.959177083333334	26.954	32.021
420210	2021-03-13 00:00:00	2021	2021	3	29.883697916666666	29.687	30.259
420210	2021-03-14 00:00:00	2021	2021	3	40.1585	30.838	46.582
420210	2021-03-15 00:00:00	2021	2021	3	39.16588541666667	36.377	43.772
420210	2021-03-16 00:00:00	2021	2021	3	37.127916666666664	36.377	38.335
420210	2021-03-17 00:00:00	2021	2021	3	36.013104166666665	34.471	38.335
420210	2021-03-18 00:00:00	2021	2021	3	32.526604166666665	30.838	34.471
420210	2021-03-19 00:00:00	2021	2021	3	31.335072916666668	30.838	32.021
420210	2021-03-20 00:00:00	2021	2021	3	30.416802083333334	29.687	31.426
420210	2021-03-21 00:00:00	2021	2021	3	28.223020833333333	26.954	29.687
420210	2021-03-22 00:00:00	2021	2021	3	26.87863541666667	26.434	27.483
420210	2021-03-23 00:00:00	2021	2021	3	25.642177083333333	23.967	26.954
420210	2021-03-24 00:00:00	2021	2021	3	24.2569375	23.499	25.422
420210	2021-03-25 00:00:00	2021	2021	3	23.12140625	22.585	23.967
420210	2021-03-26 00:00:00	2021	2021	3	22.614333333333335	22.139	23.038
420210	2021-03-27 00:00:00	2021	2021	3	21.966322916666666	21.268	22.585
420210	2021-03-28 00:00:00	2021	2021	3	23.193	22.585	23.499
420210	2021-03-29 00:00:00	2021	2021	3	21.790145833333334	20.423	23.038
420210	2021-03-30 00:00:00	2021	2021	3	20.560427083333334	20.01	21.7
420210	2021-03-31 00:00:00	2021	2021	3	20.07240625	19.2	20.842
420210	2021-04-01 00:00:00	2021	2021	4	19.7635	19.602	20.01
420210	2021-04-02 00:00:00	2021	2021	4	19.514947916666667	18.803	20.01
420210	2021-04-03 00:00:00	2021	2021	4	18.7231875	18.025	19.2
420210	2021-04-04 00:00:00	2021	2021	4	18.36451041666667	17.643	18.803
420210	2021-04-05 00:00:00	2021	2021	4	18.739333333333335	18.412	19.2
420210	2021-04-06 00:00:00	2021	2021	4	20.36355208333333	19.2	21.268
420210	2021-04-07 00:00:00	2021	2021	4	20.02303125	19.2	21.268
420210	2021-04-08 00:00:00	2021	2021	4	19.477	19.2	20.01
420210	2021-04-09 00:00:00	2021	2021	4	18.80453125	18.412	19.602
420210	2021-04-10 00:00:00	2021	2021	4	20.200072916666667	18.412	22.585
420210	2021-04-11 00:00:00	2021	2021	4	23.24296875	22.585	23.967
420210	2021-04-12 00:00:00	2021	2021	4	24.968666666666667	22.585	28.021
420210	2021-04-13 00:00:00	2021	2021	4	27.04303125	24.928	29.687
420210	2021-04-14 00:00:00	2021	2021	4	23.30209375	22.585	24.444
420210	2021-04-15 00:00:00	2021	2021	4	22.00415625	20.01	23.499
420210	2021-04-16 00:00:00	2021	2021	4	21.06838541666667	20.423	21.268
420210	2021-04-17 00:00:00	2021	2021	4	20.567239583333333	20.01	21.268
420210	2021-04-18 00:00:00	2021	2021	4	20.404395833333332	19.602	21.268
420210	2021-04-19 00:00:00	2021	2021	4	21.2056875	20.423	22.139
420210	2021-04-20 00:00:00	2021	2021	4	20.239239583333333	18.803	20.842
420210	2021-04-21 00:00:00	2021	2021	4	21.605479166666665	20.842	22.585
420210	2021-04-22 00:00:00	2021	2021	4	21.067854166666667	20.01	22.585
420210	2021-04-23 00:00:00	2021	2021	4	19.41021875	18.412	20.423
420210	2021-04-24 00:00:00	2021	2021	4	18.50103125	16.154	19.602
420210	2021-04-25 00:00:00	2021	2021	4	18.096666666666668	17.265	18.803
420210	2021-04-26 00:00:00	2021	2021	4	18.714302083333333	18.025	20.01
420210	2021-04-27 00:00:00	2021	2021	4	18.365625	17.265	18.803
420210	2021-04-28 00:00:00	2021	2021	4	18.585739583333332	17.643	20.01
420210	2021-04-29 00:00:00	2021	2021	4	18.95496875	18.025	19.602
420210	2021-04-30 00:00:00	2021	2021	4	19.316614583333333	16.891	21.7
420210	2021-05-01 00:00:00	2021	2021	5	19.22271875	18.412	19.602
420210	2021-05-02 00:00:00	2021	2021	5	19.28375	19.2	19.602
420210	2021-05-03 00:00:00	2021	2021	5	20.426197916666666	19.602	22.585
420210	2021-05-04 00:00:00	2021	2021	5	19.4495625	18.803	20.01
420210	2021-05-05 00:00:00	2021	2021	5	20.256052083333334	19.2	21.7
420210	2021-05-06 00:00:00	2021	2021	5	20.275395833333334	19.602	20.842
420210	2021-05-07 00:00:00	2021	2021	5	20.850041666666666	20.01	21.268
420210	2021-05-08 00:00:00	2021	2021	5	22.2725625	21.268	23.499
420210	2021-05-09 00:00:00	2021	2021	5	20.303322916666666	18.803	23.038
420210	2021-05-10 00:00:00	2021	2021	5	18.859927083333332	17.643	20.423
420210	2021-05-11 00:00:00	2021	2021	5	18.64765625	16.154	20.423
420210	2021-05-12 00:00:00	2021	2021	5	19.806489583333335	18.412	20.842
420210	2021-05-13 00:00:00	2021	2021	5	23.435072916666666	20.423	24.928
420210	2021-05-14 00:00:00	2021	2021	5	22.3740625	20.842	24.444
420210	2021-05-15 00:00:00	2021	2021	5	20.960041666666665	19.602	22.585
420210	2021-05-16 00:00:00	2021	2021	5	21.3209375	20.01	23.038
420210	2021-05-17 00:00:00	2021	2021	5	25.056447916666666	21.268	28.021
420210	2021-05-18 00:00:00	2021	2021	5	31.276989583333332	27.483	34.471
420210	2021-05-19 00:00:00	2021	2021	5	35.24670833333333	33.848	35.735
420210	2021-05-20 00:00:00	2021	2021	5	32.11884375	29.687	34.471
420210	2021-05-21 00:00:00	2021	2021	5	27.994364583333333	23.499	30.838
420210	2021-05-22 00:00:00	2021	2021	5	26.277489583333335	25.422	26.954
420210	2021-05-23 00:00:00	2021	2021	5	27.637447916666666	26.434	30.259
420210	2021-05-24 00:00:00	2021	2021	5	24.45028125	23.038	26.434
420210	2021-05-25 00:00:00	2021	2021	5	23.009572916666666	21.7	23.967
420210	2021-05-26 00:00:00	2021	2021	5	24.6795625	22.585	27.483
420210	2021-05-27 00:00:00	2021	2021	5	37.771114583333336	27.483	43.772
420210	2021-05-28 00:00:00	2021	2021	5	43.84225	39.667	47.291
420210	2021-05-29 00:00:00	2021	2021	5	35.187020833333335	32.021	39.667
420210	2021-05-30 00:00:00	2021	2021	5	30.40925	29.123	32.021
420210	2021-05-31 00:00:00	2021	2021	5	28.275635416666667	27.483	29.123
420210	2021-06-01 00:00:00	2021	2021	6	26.531572916666665	23.967	28.568
420210	2021-06-02 00:00:00	2021	2021	6	25.429947916666666	23.038	29.123
420210	2021-06-03 00:00:00	2021	2021	6	23.726885416666665	22.585	24.444
420210	2021-06-04 00:00:00	2021	2021	6	23.197822916666667	21.268	28.568
420210	2021-06-05 00:00:00	2021	2021	6	47.9715	26.434	61.294
420210	2021-06-06 00:00:00	2021	2021	6	45.78932380952381	42.387	49.435
420210	2021-06-07 00:00:00	2021	2021	6	41.443958333333335	35.1	46.582
420210	2021-06-08 00:00:00	2021	2021	6	32.229	26.954	36.377
420210	2021-06-09 00:00:00	2021	2021	6	31.266489583333332	29.123	33.848
420210	2021-06-10 00:00:00	2021	2021	6	43.379947916666666	33.232	52.329
420210	2021-06-11 00:00:00	2021	2021	6	38.61907291666667	33.232	43.772
420210	2021-06-12 00:00:00	2021	2021	6	33.10427083333333	29.687	35.1
420210	2021-06-13 00:00:00	2021	2021	6	27.98228125	25.923	29.687
420210	2021-06-14 00:00:00	2021	2021	6	24.214635416666667	22.585	25.923
420210	2021-06-15 00:00:00	2021	2021	6	21.856229166666665	20.423	23.038
420210	2021-06-16 00:00:00	2021	2021	6	19.973645833333332	19.2	20.423
420210	2021-06-17 00:00:00	2021	2021	6	19.383385416666666	18.025	20.423
420210	2021-06-18 00:00:00	2021	2021	6	17.830125	16.154	19.2
420210	2021-06-19 00:00:00	2021	2021	6	15.895447916666667	15.431	17.643
420210	2021-06-20 00:00:00	2021	2021	6	15.28240625	14.72	15.791
420210	2021-06-21 00:00:00	2021	2021	6	19.83845833333333	14.72	25.923
420210	2021-06-22 00:00:00	2021	2021	6	27.152916666666666	20.423	32.021
420210	2021-06-23 00:00:00	2021	2021	6	17.485135416666665	16.521	20.842
420210	2021-06-24 00:00:00	2021	2021	6	14.6834375	12.302	16.521
420210	2021-06-25 00:00:00	2021	2021	6	13.7766875	13.325	14.368
420210	2021-06-26 00:00:00	2021	2021	6	13.4175625	11.965	15.074
420210	2021-06-27 00:00:00	2021	2021	6	12.870635416666667	12.302	14.368
420210	2021-06-28 00:00:00	2021	2021	6	11.280729166666667	10.303	12.302
420210	2021-06-29 00:00:00	2021	2021	6	18.17853125	10.303	32.623
420210	2021-06-30 00:00:00	2021	2021	6	25.276083333333332	20.01	33.848
420210	2021-07-01 00:00:00	2021	2021	7	15.72340625	13.671	20.01
420210	2021-07-02 00:00:00	2021	2021	7	14.761614583333333	14.018	15.431
420210	2021-07-03 00:00:00	2021	2021	7	14.378041666666666	13.325	15.431
420210	2021-07-04 00:00:00	2021	2021	7	13.79484375	12.982	14.72
420210	2021-07-05 00:00:00	2021	2021	7	15.918822916666667	11.965	22.139
420210	2021-07-06 00:00:00	2021	2021	7	15.022104166666667	14.018	16.891
420210	2021-07-07 00:00:00	2021	2021	7	14.744541666666667	13.671	16.154
420210	2021-07-08 00:00:00	2021	2021	7	13.226645833333333	11.295	14.72
420210	2021-07-09 00:00:00	2021	2021	7	14.606291666666667	11.295	25.422
420210	2021-07-10 00:00:00	2021	2021	7	60.1335625	25.923	84.476
420210	2021-07-11 00:00:00	2021	2021	7	43.23738541666667	31.426	57.501
420210	2021-07-12 00:00:00	2021	2021	7	36.534	30.838	42.387
420210	2021-07-13 00:00:00	2021	2021	7	26.631739583333335	23.038	31.426
420210	2021-07-14 00:00:00	2021	2021	7	32.79873958333334	25.923	36.377
420210	2021-07-15 00:00:00	2021	2021	7	30.780583333333333	25.923	33.848
420210	2021-07-16 00:00:00	2021	2021	7	25.240895833333333	22.139	30.838
420210	2021-07-17 00:00:00	2021	2021	7	29.878145833333335	28.568	31.426
420210	2021-07-18 00:00:00	2021	2021	7	28.490989583333334	24.444	30.259
420210	2021-07-19 00:00:00	2021	2021	7	22.963302083333332	21.268	24.444
420210	2021-07-20 00:00:00	2021	2021	7	20.2328125	19.2	21.268
420210	2021-07-21 00:00:00	2021	2021	7	19.397979166666666	18.025	20.842
420210	2021-07-22 00:00:00	2021	2021	7	16.900197916666666	16.154	18.025
420210	2021-07-23 00:00:00	2021	2021	7	15.388375	14.72	16.154
420210	2021-07-24 00:00:00	2021	2021	7	14.30334375	13.671	15.074
420210	2021-07-25 00:00:00	2021	2021	7	13.599322916666667	13.325	14.368
420210	2021-07-26 00:00:00	2021	2021	7	13.98221875	12.982	15.074
420210	2021-07-27 00:00:00	2021	2021	7	13.757927083333334	12.641	15.791
420210	2021-07-28 00:00:00	2021	2021	7	13.578916666666666	12.641	14.368
420210	2021-07-29 00:00:00	2021	2021	7	16.30330208333333	14.018	18.025
420210	2021-07-30 00:00:00	2021	2021	7	13.55325	11.629	15.791
420210	2021-07-31 00:00:00	2021	2021	7	11.2255625	10.303	12.641
420210	2021-08-01 00:00:00	2021	2021	8	10.22825	9.648	10.963
420210	2021-08-02 00:00:00	2021	2021	8	10.142895833333334	9.648	11.295
420210	2021-08-03 00:00:00	2021	2021	8	13.292052083333333	11.629	16.154
420210	2021-08-04 00:00:00	2021	2021	8	14.48253125	12.982	16.154
420210	2021-08-05 00:00:00	2021	2021	8	13.2535625	10.963	14.72
420210	2021-08-06 00:00:00	2021	2021	8	11.666916666666667	9.975	12.641
420210	2021-08-07 00:00:00	2021	2021	8	11.540083333333333	10.963	12.641
420210	2021-08-08 00:00:00	2021	2021	8	10.9166875	9.975	11.965
420210	2021-08-09 00:00:00	2021	2021	8	10.519635416666667	9.975	11.295
420210	2021-08-10 00:00:00	2021	2021	8	9.934895833333334	8.999	10.632
420210	2021-08-11 00:00:00	2021	2021	8	13.632947916666666	10.632	18.803
420210	2021-08-12 00:00:00	2021	2021	8	12.983072916666666	10.632	16.891
420210	2021-08-13 00:00:00	2021	2021	8	9.57996875	7.727	10.632
420210	2021-08-14 00:00:00	2021	2021	8	9.8203125	8.677	12.641
420210	2021-08-15 00:00:00	2021	2021	8	9.8949375	8.677	12.302
420210	2021-08-16 00:00:00	2021	2021	8	8.610958333333333	8.04	8.999
420210	2021-08-17 00:00:00	2021	2021	8	9.411427083333333	8.357	11.295
420210	2021-08-18 00:00:00	2021	2021	8	10.833322916666667	9.975	11.629
420210	2021-08-19 00:00:00	2021	2021	8	9.794875	9.322	10.632
420210	2021-08-20 00:00:00	2021	2021	8	9.895458333333334	8.357	10.963
420210	2021-08-21 00:00:00	2021	2021	8	10.764458333333334	8.999	11.295
420210	2021-08-22 00:00:00	2021	2021	8	8.4384375	7.727	9.322
420210	2021-08-23 00:00:00	2021	2021	8	9.351625	8.04	11.629
420210	2021-08-24 00:00:00	2021	2021	8	12.358645833333334	11.295	13.671
420210	2021-08-25 00:00:00	2021	2021	8	11.059604166666666	9.648	11.965
420210	2021-08-26 00:00:00	2021	2021	8	8.98303125	8.04	9.648
420210	2021-08-27 00:00:00	2021	2021	8	9.20246875	8.04	10.632
420210	2021-08-28 00:00:00	2021	2021	8	12.223479166666667	9.648	15.074
420210	2021-08-29 00:00:00	2021	2021	8	15.433958333333333	12.302	18.412
420210	2021-08-30 00:00:00	2021	2021	8	37.08690625	18.803	66.761
420210	2021-08-31 00:00:00	2021	2021	8	81.17453125	69.166	86.264
420210	2021-09-01 00:00:00	2021	2021	9	56.325270833333335	45.171	71.611
420210	2021-09-02 00:00:00	2021	2021	9	38.867645833333334	33.232	44.47
420210	2021-09-03 00:00:00	2021	2021	9	29.779333333333334	26.434	33.232
420210	2021-09-04 00:00:00	2021	2021	9	23.795885416666668	21.268	26.434
420210	2021-09-05 00:00:00	2021	2021	9	20.77725	18.803	21.7
420210	2021-09-06 00:00:00	2021	2021	9	17.986135416666666	16.154	19.2
420210	2021-09-07 00:00:00	2021	2021	9	16.5795625	15.431	18.412
420210	2021-09-08 00:00:00	2021	2021	9	14.8036875	12.641	16.154
420210	2021-09-09 00:00:00	2021	2021	9	13.965958333333333	12.982	15.074
420210	2021-09-10 00:00:00	2021	2021	9	13.171458333333334	12.982	13.671
420210	2021-09-11 00:00:00	2021	2021	9	12.865447916666668	11.629	15.074
420210	2021-09-12 00:00:00	2021	2021	9	12.575385416666666	8.999	15.791
420210	2021-09-13 00:00:00	2021	2021	9	12.384197916666666	11.629	12.982
420210	2021-09-14 00:00:00	2021	2021	9	11.237052083333333	10.303	11.629
420210	2021-09-15 00:00:00	2021	2021	9	10.465270833333333	9.648	11.295
420210	2021-09-16 00:00:00	2021	2021	9	11.067177083333334	9.975	12.302
420210	2021-09-17 00:00:00	2021	2021	9	12.448197916666667	10.963	13.325
420210	2021-09-18 00:00:00	2021	2021	9	11.5303125	9.648	13.325
420210	2021-09-19 00:00:00	2021	2021	9	10.021135416666667	8.999	11.629
420210	2021-09-20 00:00:00	2021	2021	9	9.148010416666667	8.677	9.975
420210	2021-09-21 00:00:00	2021	2021	9	8.614416666666667	8.04	8.999
420210	2021-09-22 00:00:00	2021	2021	9	8.37096875	8.04	8.999
420210	2021-09-23 00:00:00	2021	2021	9	7.875177083333333	6.509	9.322
420210	2021-09-24 00:00:00	2021	2021	9	7.76946875	6.509	8.999
420210	2021-09-25 00:00:00	2021	2021	9	7.960927083333333	6.215	8.677
420210	2021-09-26 00:00:00	2021	2021	9	8.232854166666666	7.727	8.677
420210	2021-09-27 00:00:00	2021	2021	9	7.933833333333333	7.11	8.357
420210	2021-09-28 00:00:00	2021	2021	9	8.60475	8.04	9.322
420210	2021-09-29 00:00:00	2021	2021	9	8.768291666666666	8.04	9.322
420210	2021-09-30 00:00:00	2021	2021	9	8.758729166666667	8.04	9.648
420210	2021-10-01 00:00:00	2021	2021	10	8.180979166666667	6.807	9.322
420210	2021-10-02 00:00:00	2021	2021	10	7.6405	6.807	8.357
420210	2021-10-03 00:00:00	2021	2021	10	7.160125	6.215	8.04
420210	2021-10-04 00:00:00	2021	2021	10	6.9419375	5.367	8.357
420210	2021-10-05 00:00:00	2021	2021	10	7.958010416666666	6.215	9.648
420210	2021-10-06 00:00:00	2021	2021	10	10.663979166666667	8.999	12.641
420210	2021-10-07 00:00:00	2021	2021	10	10.35296875	8.677	12.641
420210	2021-10-08 00:00:00	2021	2021	10	8.7110625	7.11	10.303
420210	2021-10-09 00:00:00	2021	2021	10	7.70578125	5.927	8.999
420210	2021-10-10 00:00:00	2021	2021	10	7.349520833333333	6.215	8.677
420210	2021-10-11 00:00:00	2021	2021	10	8.288020833333333	5.927	10.632
420210	2021-10-12 00:00:00	2021	2021	10	7.464291666666667	5.927	8.357
420210	2021-10-13 00:00:00	2021	2021	10	9.282864583333334	7.11	14.018
420210	2021-10-14 00:00:00	2021	2021	10	9.994270833333333	6.215	11.965
420210	2021-10-15 00:00:00	2021	2021	10	9.22259375	8.357	9.975
420210	2021-10-16 00:00:00	2021	2021	10	8.870427083333333	8.04	9.648
420210	2021-10-17 00:00:00	2021	2021	10	8.146822916666666	7.727	8.999
420210	2021-10-18 00:00:00	2021	2021	10	7.877385416666667	5.096	11.629
420210	2021-10-19 00:00:00	2021	2021	10	7.222375	5.927	8.04
420210	2021-10-20 00:00:00	2021	2021	10	7.6548541666666665	5.927	10.632
420210	2021-10-21 00:00:00	2021	2021	10	7.087552083333334	4.574	8.357
420210	2021-10-22 00:00:00	2021	2021	10	11.24078125	7.727	15.791
420210	2021-10-23 00:00:00	2021	2021	10	13.020791666666666	9.648	16.154
420210	2021-10-24 00:00:00	2021	2021	10	10.4640625	9.322	11.965
420210	2021-10-25 00:00:00	2021	2021	10	9.000229166666667	8.357	9.648
420210	2021-10-26 00:00:00	2021	2021	10	8.30265625	7.11	9.322
420210	2021-10-27 00:00:00	2021	2021	10	7.936729166666667	6.807	8.999
420210	2021-10-28 00:00:00	2021	2021	10	7.544041666666667	7.11	8.357
420210	2021-10-29 00:00:00	2021	2021	10	7.539802083333333	7.11	8.04
420210	2021-10-30 00:00:00	2021	2021	10	7.487114583333334	6.215	8.357
420210	2021-10-31 00:00:00	2021	2021	10	6.594739583333333	4.832	8.04
420210	2021-11-01 00:00:00	2021	2022	11	6.860458333333334	5.927	8.04
420210	2021-11-02 00:00:00	2021	2022	11	7.19990625	5.644	8.677
420210	2021-11-03 00:00:00	2021	2022	11	7.514291666666667	7.11	8.04
420210	2021-11-04 00:00:00	2021	2022	11	8.791447916666666	7.11	10.632
420210	2021-11-05 00:00:00	2021	2022	11	14.345802083333334	10.303	19.2
420210	2021-11-06 00:00:00	2021	2022	11	16.26028125	13.671	18.025
420210	2021-11-07 00:00:00	2021	2022	11	14.733052083333334	12.641	17.265
420210	2021-11-08 00:00:00	2021	2022	11	13.273208333333333	12.302	15.431
420210	2021-11-09 00:00:00	2021	2022	11	12.542125	12.302	12.641
420210	2021-11-10 00:00:00	2021	2022	11	12.166625	10.632	12.982
420210	2021-11-11 00:00:00	2021	2022	11	11.556260416666667	8.357	13.671
420210	2021-11-12 00:00:00	2021	2022	11	11.094583333333333	10.632	11.629
420210	2021-11-13 00:00:00	2021	2022	11	10.567177083333334	10.303	11.295
420210	2021-11-14 00:00:00	2021	2022	11	10.279645833333333	9.648	10.963
420210	2021-11-15 00:00:00	2021	2022	11	9.707625	8.357	9.975
420210	2021-11-16 00:00:00	2021	2022	11	9.519020833333334	8.999	9.648
420210	2021-11-17 00:00:00	2021	2022	11	9.01946875	8.677	9.648
420210	2021-11-18 00:00:00	2021	2022	11	8.915145833333334	8.677	8.999
420210	2021-11-19 00:00:00	2021	2022	11	8.713375	7.11	9.975
420210	2021-11-20 00:00:00	2021	2022	11	8.418479166666666	7.727	8.999
420210	2021-11-21 00:00:00	2021	2022	11	8.312895833333334	7.416	8.999
420210	2021-11-22 00:00:00	2021	2022	11	7.979791666666666	7.11	8.677
420210	2021-11-23 00:00:00	2021	2022	11	7.949104166666666	6.807	8.677
420210	2021-11-24 00:00:00	2021	2022	11	7.670072916666666	7.11	8.357
420210	2021-11-25 00:00:00	2021	2022	11	7.591875	7.11	8.04
420210	2021-11-26 00:00:00	2021	2022	11	7.45278125	7.11	7.727
420210	2021-11-27 00:00:00	2021	2022	11	7.615305263157895	6.807	8.677
420210	2021-11-28 00:00:00	2021	2022	11	7.475489583333333	6.509	8.357
420210	2021-11-29 00:00:00	2021	2022	11	7.52959375	7.11	7.727
420210	2021-11-30 00:00:00	2021	2022	11	7.78925	7.11	8.999
420210	2021-12-01 00:00:00	2021	2022	12	15.16103125	8.677	29.687
420210	2021-12-02 00:00:00	2021	2022	12	32.88679166666667	25.422	38.999
420210	2021-12-03 00:00:00	2021	2022	12	37.79723958333334	34.471	40.341
420210	2021-12-04 00:00:00	2021	2022	12	31.5881875	28.568	33.848
420210	2021-12-05 00:00:00	2021	2022	12	27.826822916666668	26.954	28.568
420210	2021-12-06 00:00:00	2021	2022	12	27.207322916666666	25.422	28.568
420210	2021-12-07 00:00:00	2021	2022	12	23.0919375	22.585	25.422
420210	2021-12-08 00:00:00	2021	2022	12	21.56318947368421	20.842	22.585
420210	2021-12-09 00:00:00	2021	2022	12	20.2135	17.265	21.268
420210	2021-12-10 00:00:00	2021	2022	12	19.053364583333334	18.412	20.01
420210	2021-12-11 00:00:00	2021	2022	12	17.97878125	16.891	18.803
420210	2021-12-12 00:00:00	2021	2022	12	16.6730625	16.154	17.265
420210	2021-12-13 00:00:00	2021	2022	12	16.112520833333335	15.074	17.643
420210	2021-12-14 00:00:00	2021	2022	12	18.613489583333333	17.265	19.602
420210	2021-12-15 00:00:00	2021	2022	12	18.973166666666668	18.412	19.602
420210	2021-12-16 00:00:00	2021	2022	12	19.0025	17.643	20.842
420210	2021-12-17 00:00:00	2021	2022	12	18.830694736842105	18.025	20.842
420210	2021-12-18 00:00:00	2021	2022	12	19.03871875	18.803	19.2
420210	2021-12-19 00:00:00	2021	2022	12	19.378670454545453	18.803	19.602
420210	2021-12-20 00:00:00	2021	2022	12	19.51	19.2	20.01
420210	2021-12-21 00:00:00	2021	2022	12	19.08470833333333	18.412	19.602
420210	2021-12-22 00:00:00	2021	2022	12	17.743510416666666	16.521	18.803
420210	2021-12-23 00:00:00	2021	2022	12	16.491072916666667	16.154	16.891
420210	2021-12-24 00:00:00	2021	2022	12	16.53311956521739	15.791	18.412
420210	2021-12-25 00:00:00	2021	2022	12	19.74032608695652	17.265	21.7
420210	2021-12-26 00:00:00	2021	2022	12	18.84988043478261	17.643	21.7
420210	2021-12-27 00:00:00	2021	2022	12	17.059108695652174	16.521	17.643
420210	2021-12-28 00:00:00	2021	2022	12	18.30391304347826	16.891	19.602
420210	2021-12-29 00:00:00	2021	2022	12	22.695630434782608	19.602	29.552
420210	2021-12-30 00:00:00	2021	2022	12	40.53938947368421	30.838	46.582
420210	2021-12-31 00:00:00	2021	2022	12	46.67617391304348	45.171	48.004
420210	2022-01-01 00:00:00	2022	2022	1	47.94086458333334	47.291	48.004
420210	2022-01-02 00:00:00	2022	2022	1	46.40694318181818	44.47	47.291
420210	2022-01-03 00:00:00	2022	2022	1	47.28403125	45.171	49.435
420210	2022-01-04 00:00:00	2022	2022	1	70.83361458333333	49.435	122.336
420210	2022-01-05 00:00:00	2022	2022	1	139.94577083333334	123.354	147.107
420210	2022-01-06 00:00:00	2022	2022	1	117.25186315789473	106.657	132.781
420210	2022-01-07 00:00:00	2022	2022	1	99.59620833333334	94.47	107.61
420210	2022-01-08 00:00:00	2022	2022	1	91.50484090909092	88.066	94.47
420210	2022-01-09 00:00:00	2022	2022	1	86.7395806451613	85.368	89.881
420210	2022-01-10 00:00:00	2022	2022	1	85.60594791666666	79.206	89.881
420210	2022-01-11 00:00:00	2022	2022	1	73.82992708333333	69.166	79.206
420210	2022-01-12 00:00:00	2022	2022	1	64.0252840909091	60.528	71.611
420210	2022-01-13 00:00:00	2022	2022	1	57.4891875	53.791	60.528
420210	2022-01-14 00:00:00	2022	2022	1	51.52354166666667	49.435	53.791
420210	2022-01-15 00:00:00	2022	2022	1	47.00615625	45.171	48.718
420210	2022-01-16 00:00:00	2022	2022	1	43.883322916666664	42.387	45.171
420210	2022-01-17 00:00:00	2022	2022	1	40.79278125	37.677	45.171
420210	2022-01-18 00:00:00	2022	2022	1	42.07983146067416	40.341	45.171
420210	2022-01-19 00:00:00	2022	2022	1	44.23309375	42.387	45.171
420210	2022-01-20 00:00:00	2022	2022	1	42.156402173913044	41.019	43.772
420210	2022-01-21 00:00:00	2022	2022	1	40.55778125	38.999	43.772
420210	2022-01-22 00:00:00	2022	2022	1	38.97327083333333	38.335	41.701
420210	2022-01-23 00:00:00	2022	2022	1	42.665697916666666	39.667	50.877
420210	2022-01-24 00:00:00	2022	2022	1	47.84953125	45.875	50.877
420210	2022-01-25 00:00:00	2022	2022	1	45.42822916666667	44.47	46.582
420210	2022-01-26 00:00:00	2022	2022	1	43.58015053763441	41.701	44.47
420210	2022-01-27 00:00:00	2022	2022	1	41.19747916666667	40.341	42.387
420210	2022-01-28 00:00:00	2022	2022	1	39.24378260869565	38.335	42.387
420210	2022-01-29 00:00:00	2022	2022	1	38.27054166666667	36.377	39.667
420210	2022-01-30 00:00:00	2022	2022	1	36.70454347826087	35.735	41.019
420210	2022-01-31 00:00:00	2022	2022	1	41.79622916666667	39.667	48.004
420210	2022-02-01 00:00:00	2022	2022	2	48.054125	43.772	53.059
420210	2022-02-02 00:00:00	2022	2022	2	61.671447916666665	53.059	67.558
420210	2022-02-03 00:00:00	2022	2022	2	67.11077083333333	65.179	67.558
420210	2022-02-04 00:00:00	2022	2022	2	67.33755208333334	65.179	69.166
420210	2022-02-05 00:00:00	2022	2022	2	70.11254347826087	68.36	71.611
420210	2022-02-06 00:00:00	2022	2022	2	70.91855952380952	69.976	72.436
420210	2022-02-07 00:00:00	2022	2022	2	86.08342708333333	72.436	95.395
420210	2022-02-08 00:00:00	2022	2022	2	86.578625	83.588	89.881
420210	2022-02-09 00:00:00	2022	2022	2	82.42301098901099	81.823	86.264
420210	2022-02-10 00:00:00	2022	2022	2	80.75046739130435	78.343	82.703
420210	2022-02-11 00:00:00	2022	2022	2	84.80683333333333	78.343	90.793
420210	2022-02-12 00:00:00	2022	2022	2	87.34256842105263	82.703	90.793
420210	2022-02-13 00:00:00	2022	2022	2	81.5893695652174	79.206	83.588
420210	2022-02-14 00:00:00	2022	2022	2	77.42907291666667	74.938	79.206
420210	2022-02-15 00:00:00	2022	2022	2	72.08351086956522	69.976	74.938
420210	2022-02-16 00:00:00	2022	2022	2	70.40146875	69.166	72.436
420210	2022-02-17 00:00:00	2022	2022	2	87.269375	71.611	132.781
420210	2022-02-18 00:00:00	2022	2022	2	113.3706705882353	101.93	134.946
420210	2022-02-19 00:00:00	2022	2022	2	100.1263804347826	99.118	104.759
420210	2022-02-20 00:00:00	2022	2022	2	103.75794565217392	99.118	108.565
420210	2022-02-21 00:00:00	2022	2022	2	116.3686304347826	108.565	131.708
420210	2022-02-22 00:00:00	2022	2022	2	124.90761956521739	119.816	131.708
420210	2022-02-22 00:00:00	2022	2022	2	124.90761956521739	119.816	119.816
420210	2022-02-24 00:00:00	2022	2022	2	110.14045652173913	106.657	114.369
420210	2022-02-25 00:00:00	2022	2022	2	103.18959375	100.054	108.565
420210	2022-02-26 00:00:00	2022	2022	2	95.93522826086956	91.708	101.93
420210	2022-02-27 00:00:00	2022	2022	2	88.12454166666667	84.476	94.47
420210	2022-02-28 00:00:00	2022	2022	2	79.81040625	75.782	84.476
420210	2022-03-01 00:00:00	2022	2022	3	71.57384375	66.761	75.782
420210	2022-03-02 00:00:00	2022	2022	3	62.98839130434783	59.008	66.761
420210	2022-03-03 00:00:00	2022	2022	3	57.595333333333336	53.791	59.766
420210	2022-03-04 00:00:00	2022	2022	3	51.533	48.718	56.008
420210	2022-03-05 00:00:00	2022	2022	3	46.74821739130435	44.47	48.718
