#MESSTELLEN_NR	ZEIT	JAHR	HJAHR	MONAT	W	W_MIN	W_MAX
572214	2019-01-01 00:00:00	2019	2019	1	27.1875	27	28
572214	2019-01-02 00:00:00	2019	2019	1	27.052083333333332	26	28
572214	2019-01-03 00:00:00	2019	2019	1	25.416666666666668	25	26
572214	2019-01-04 00:00:00	2019	2019	1	25	25	25
572214	2019-01-05 00:00:00	2019	2019	1	32.229166666666664	25	44
572214	2019-01-06 00:00:00	2019	2019	1	60.729166666666664	44	67
572214	2019-01-07 00:00:00	2019	2019	1	68.45833333333333	67	69
572214	2019-01-08 00:00:00	2019	2019	1	68.58333333333333	67	69
572214	2019-01-09 00:00:00	2019	2019	1	65.33333333333333	63	67
572214	2019-01-10 00:00:00	2019	2019	1	60.34375	55	63
572214	2019-01-11 00:00:00	2019	2019	1	49.625	47	55
572214	2019-01-12 00:00:00	2019	2019	1	45.71875	45	47
572214	2019-01-13 00:00:00	2019	2019	1	46.208333333333336	44	61
572214	2019-01-14 00:00:00	2019	2019	1	64.36458333333333	62	65
572214	2019-01-15 00:00:00	2019	2019	1	64.05208333333333	63	65
572214	2019-01-16 00:00:00	2019	2019	1	61.708333333333336	60	63
572214	2019-01-17 00:00:00	2019	2019	1	58.166666666666664	55	61
572214	2019-01-18 00:00:00	2019	2019	1	48.8125	46	55
572214	2019-01-19 00:00:00	2019	2019	1	44.65625	43	46
572214	2019-01-20 00:00:00	2019	2019	1	42.0625	41	43
572214	2019-01-21 00:00:00	2019	2019	1	39.270833333333336	38	41
572214	2019-01-22 00:00:00	2019	2019	1	36.927083333333336	36	38
572214	2019-01-23 00:00:00	2019	2019	1	35.239583333333336	34	36
572214	2019-01-24 00:00:00	2019	2019	1	32.833333333333336	32	34
572214	2019-01-25 00:00:00	2019	2019	1	30.541666666666668	30	32
572214	2019-01-26 00:00:00	2019	2019	1	29.864583333333332	29	30
572214	2019-01-27 00:00:00	2019	2019	1	31.1875	29	35
572214	2019-01-28 00:00:00	2019	2019	1	32.083333333333336	30	36
572214	2019-01-29 00:00:00	2019	2019	1	28.5625	28	30
572214	2019-01-30 00:00:00	2019	2019	1	27.958333333333332	27	28
572214	2019-01-31 00:00:00	2019	2019	1	27	27	27
572214	2019-02-01 00:00:00	2019	2019	2	26.270833333333332	26	27
572214	2019-02-02 00:00:00	2019	2019	2	26.208333333333332	26	27
572214	2019-02-03 00:00:00	2019	2019	2	24.9375	24	26
572214	2019-02-04 00:00:00	2019	2019	2	23.239583333333332	23	24
572214	2019-02-05 00:00:00	2019	2019	2	22.0625	22	23
572214	2019-02-06 00:00:00	2019	2019	2	22	22	22
572214	2019-02-07 00:00:00	2019	2019	2	22	22	22
572214	2019-02-08 00:00:00	2019	2019	2	22.010416666666668	22	23
572214	2019-02-09 00:00:00	2019	2019	2	23.75	22	26
572214	2019-02-10 00:00:00	2019	2019	2	37.395833333333336	25	64
572214	2019-02-11 00:00:00	2019	2019	2	67.02083333333333	64	68
572214	2019-02-12 00:00:00	2019	2019	2	67.09375	66	68
572214	2019-02-13 00:00:00	2019	2019	2	64.27083333333333	63	66
572214	2019-02-14 00:00:00	2019	2019	2	59.979166666666664	55	63
572214	2019-02-15 00:00:00	2019	2019	2	49.708333333333336	47	55
572214	2019-02-16 00:00:00	2019	2019	2	45.90625	45	47
572214	2019-02-17 00:00:00	2019	2019	2	45.541666666666664	45	47
572214	2019-02-18 00:00:00	2019	2019	2	48.625	47	51
572214	2019-02-19 00:00:00	2019	2019	2	51.802083333333336	51	54
572214	2019-02-20 00:00:00	2019	2019	2	49.395833333333336	48	51
572214	2019-02-21 00:00:00	2019	2019	2	46.760416666666664	46	48
572214	2019-02-22 00:00:00	2019	2019	2	46.458333333333336	45	47
572214	2019-02-23 00:00:00	2019	2019	2	43.989583333333336	43	45
572214	2019-02-24 00:00:00	2019	2019	2	42.125	41	43
572214	2019-02-25 00:00:00	2019	2019	2	39.614583333333336	38	41
572214	2019-02-26 00:00:00	2019	2019	2	37.15625	36	38
572214	2019-02-27 00:00:00	2019	2019	2	35.020833333333336	34	36
572214	2019-02-28 00:00:00	2019	2019	2	33.666666666666664	33	34
572214	2019-03-01 00:00:00	2019	2019	3	33	33	33
572214	2019-03-02 00:00:00	2019	2019	3	31.71875	31	32
572214	2019-03-03 00:00:00	2019	2019	3	30.40625	30	31
572214	2019-03-04 00:00:00	2019	2019	3	30.208333333333332	30	31
572214	2019-03-05 00:00:00	2019	2019	3	30.9375	30	34
572214	2019-03-06 00:00:00	2019	2019	3	28.822916666666668	28	31
572214	2019-03-07 00:00:00	2019	2019	3	27.645833333333332	27	28
572214	2019-03-08 00:00:00	2019	2019	3	26.802083333333332	26	27
572214	2019-03-09 00:00:00	2019	2019	3	28.09375	26	31
572214	2019-03-10 00:00:00	2019	2019	3	29.697916666666668	28	31
572214	2019-03-11 00:00:00	2019	2019	3	29.697916666666668	29	30
572214	2019-03-12 00:00:00	2019	2019	3	29.729166666666668	29	31
572214	2019-03-13 00:00:00	2019	2019	3	30.958333333333332	30	33
572214	2019-03-14 00:00:00	2019	2019	3	34.875	32	40
572214	2019-03-15 00:00:00	2019	2019	3	39.708333333333336	37	62
572214	2019-03-16 00:00:00	2019	2019	3	59.927083333333336	54	64
572214	2019-03-17 00:00:00	2019	2019	3	63.90625	63	64
572214	2019-03-18 00:00:00	2019	2019	3	61.15625	58	63
572214	2019-03-19 00:00:00	2019	2019	3	51.46875	47	58
572214	2019-03-20 00:00:00	2019	2019	3	44.760416666666664	43	47
572214	2019-03-21 00:00:00	2019	2019	3	41.239583333333336	40	43
572214	2019-03-22 00:00:00	2019	2019	3	38.572916666666664	37	40
572214	2019-03-23 00:00:00	2019	2019	3	36.145833333333336	35	37
572214	2019-03-24 00:00:00	2019	2019	3	34.15625	33	35
572214	2019-03-25 00:00:00	2019	2019	3	32.552083333333336	32	33
572214	2019-03-26 00:00:00	2019	2019	3	30.145833333333332	29	32
572214	2019-03-27 00:00:00	2019	2019	3	28.541666666666668	27	30
572214	2019-03-28 00:00:00	2019	2019	3	26.65625	26	27
572214	2019-03-29 00:00:00	2019	2019	3	25.645833333333332	25	26
572214	2019-03-30 00:00:00	2019	2019	3	24.583333333333332	24	25
572214	2019-03-31 00:00:00	2019	2019	3	23.6875	23	24
572214	2019-04-01 00:00:00	2019	2019	4	22.635416666666668	22	23
572214	2019-04-02 00:00:00	2019	2019	4	22	22	22
572214	2019-04-03 00:00:00	2019	2019	4	22.875	22	24
572214	2019-04-04 00:00:00	2019	2019	4	21.614583333333332	21	22
572214	2019-04-05 00:00:00	2019	2019	4	20.614583333333332	20	21
572214	2019-04-06 00:00:00	2019	2019	4	19.645833333333332	19	20
572214	2019-04-07 00:00:00	2019	2019	4	18.635416666666668	18	19
572214	2019-04-08 00:00:00	2019	2019	4	17.96875	17	18
572214	2019-04-09 00:00:00	2019	2019	4	17.177083333333332	17	18
572214	2019-04-10 00:00:00	2019	2019	4	16.8125	16	17
572214	2019-04-11 00:00:00	2019	2019	4	16	16	16
572214	2019-04-12 00:00:00	2019	2019	4	16	16	16
572214	2019-04-13 00:00:00	2019	2019	4	16	16	16
572214	2019-04-14 00:00:00	2019	2019	4	15.666666666666666	15	16
572214	2019-04-15 00:00:00	2019	2019	4	15.90625	15	16
572214	2019-04-16 00:00:00	2019	2019	4	15	15	15
572214	2019-04-17 00:00:00	2019	2019	4	14.520833333333334	14	15
572214	2019-04-18 00:00:00	2019	2019	4	13.65625	13	14
572214	2019-04-19 00:00:00	2019	2019	4	12.604166666666666	11	14
572214	2019-04-20 00:00:00	2019	2019	4	12.583333333333334	10	13
572214	2019-04-21 00:00:00	2019	2019	4	12.1875	11	13
572214	2019-04-22 00:00:00	2019	2019	4	12.083333333333334	11	13
572214	2019-04-23 00:00:00	2019	2019	4	12	12	12
572214	2019-04-24 00:00:00	2019	2019	4	11.770833333333334	11	12
572214	2019-04-25 00:00:00	2019	2019	4	11.635416666666666	11	12
572214	2019-04-26 00:00:00	2019	2019	4	11.822916666666666	11	14
572214	2019-04-27 00:00:00	2019	2019	4	12.8125	12	14
572214	2019-04-28 00:00:00	2019	2019	4	13.177083333333334	13	14
572214	2019-04-29 00:00:00	2019	2019	4	15.520833333333334	13	23
572214	2019-04-30 00:00:00	2019	2019	4	17.09375	14	22
572214	2019-05-01 00:00:00	2019	2019	5	13.6875	13	15
572214	2019-05-02 00:00:00	2019	2019	5	12.6875	12	13
572214	2019-05-03 00:00:00	2019	2019	5	12	12	12
572214	2019-05-04 00:00:00	2019	2019	5	13.552083333333334	12	15
572214	2019-05-05 00:00:00	2019	2019	5	14.354166666666666	14	15
572214	2019-05-06 00:00:00	2019	2019	5	14.125	13	15
572214	2019-05-07 00:00:00	2019	2019	5	13	13	13
572214	2019-05-08 00:00:00	2019	2019	5	12.75	12	14
572214	2019-05-09 00:00:00	2019	2019	5	14.333333333333334	14	15
572214	2019-05-10 00:00:00	2019	2019	5	13.885416666666666	13	15
572214	2019-05-11 00:00:00	2019	2019	5	21.4375	13	38
572214	2019-05-12 00:00:00	2019	2019	5	31.114583333333332	26	39
572214	2019-05-13 00:00:00	2019	2019	5	25.322916666666668	24	26
572214	2019-05-14 00:00:00	2019	2019	5	24	24	24
572214	2019-05-15 00:00:00	2019	2019	5	23.166666666666668	23	24
572214	2019-05-16 00:00:00	2019	2019	5	23	23	23
572214	2019-05-17 00:00:00	2019	2019	5	22.28125	22	23
572214	2019-05-18 00:00:00	2019	2019	5	21.302083333333332	21	22
572214	2019-05-19 00:00:00	2019	2019	5	20.1875	20	21
572214	2019-05-20 00:00:00	2019	2019	5	26.645833333333332	21	43
572214	2019-05-21 00:00:00	2019	2019	5	52.697916666666664	39	62
572214	2019-05-22 00:00:00	2019	2019	5	56.270833333333336	54	57
572214	2019-05-23 00:00:00	2019	2019	5	49.46875	46	54
572214	2019-05-24 00:00:00	2019	2019	5	44.052083333333336	42	46
572214	2019-05-25 00:00:00	2019	2019	5	41.197916666666664	40	44
572214	2019-05-26 00:00:00	2019	2019	5	37	35	39
572214	2019-05-27 00:00:00	2019	2019	5	33.947916666666664	33	35
572214	2019-05-28 00:00:00	2019	2019	5	32.916666666666664	31	35
572214	2019-05-29 00:00:00	2019	2019	5	30.5	28	32
572214	2019-05-30 00:00:00	2019	2019	5	27.114583333333332	26	28
572214	2019-05-31 00:00:00	2019	2019	5	25.46875	24	26
572214	2019-06-01 00:00:00	2019	2019	6	23.729166666666668	23	25
572214	2019-06-02 00:00:00	2019	2019	6	22.614583333333332	22	23
572214	2019-06-03 00:00:00	2019	2019	6	21.552083333333332	21	22
572214	2019-06-04 00:00:00	2019	2019	6	20.635416666666668	20	21
572214	2019-06-05 00:00:00	2019	2019	6	19.583333333333332	19	20
572214	2019-06-06 00:00:00	2019	2019	6	18.864583333333332	18	20
572214	2019-06-07 00:00:00	2019	2019	6	19.71875	18	22
572214	2019-06-08 00:00:00	2019	2019	6	20.208333333333332	18	23
572214	2019-06-09 00:00:00	2019	2019	6	17.479166666666668	17	18
572214	2019-06-10 00:00:00	2019	2019	6	16.895833333333332	16	17
572214	2019-06-11 00:00:00	2019	2019	6	16.645833333333332	16	17
572214	2019-06-12 00:00:00	2019	2019	6	16.041666666666668	16	17
572214	2019-06-13 00:00:00	2019	2019	6	15.572916666666666	15	16
572214	2019-06-14 00:00:00	2019	2019	6	14.59375	14	15
572214	2019-06-15 00:00:00	2019	2019	6	13.729166666666666	13	14
572214	2019-06-16 00:00:00	2019	2019	6	13.864583333333334	13	14
572214	2019-06-17 00:00:00	2019	2019	6	13.625	13	14
572214	2019-06-18 00:00:00	2019	2019	6	12.65625	12	13
572214	2019-06-19 00:00:00	2019	2019	6	12.260416666666666	11	13
572214	2019-06-20 00:00:00	2019	2019	6	13.677083333333334	12	16
572214	2019-06-21 00:00:00	2019	2019	6	12.552083333333334	12	13
572214	2019-06-22 00:00:00	2019	2019	6	12	12	12
572214	2019-06-23 00:00:00	2019	2019	6	11.645833333333334	11	12
572214	2019-06-24 00:00:00	2019	2019	6	10.770833333333334	10	12
572214	2019-06-25 00:00:00	2019	2019	6	10.28125	9	11
572214	2019-06-26 00:00:00	2019	2019	6	9.739583333333334	9	11
572214	2019-06-27 00:00:00	2019	2019	6	9.5	9	10
572214	2019-06-28 00:00:00	2019	2019	6	8.947916666666666	8	10
572214	2019-06-29 00:00:00	2019	2019	6	8.770833333333334	8	10
572214	2019-06-30 00:00:00	2019	2019	6	8.40625	7	9
572214	2019-07-01 00:00:00	2019	2019	7	8.177083333333334	7	9
572214	2019-07-02 00:00:00	2019	2019	7	7.822916666666667	7	8
572214	2019-07-03 00:00:00	2019	2019	7	7.65625	7	8
572214	2019-07-04 00:00:00	2019	2019	7	7.479166666666667	7	8
572214	2019-07-05 00:00:00	2019	2019	7	7.447916666666667	7	8
572214	2019-07-06 00:00:00	2019	2019	7	7.375	7	8
572214	2019-07-07 00:00:00	2019	2019	7	7.46875	7	8
572214	2019-07-08 00:00:00	2019	2019	7	7.333333333333333	7	8
572214	2019-07-09 00:00:00	2019	2019	7	7.354166666666667	7	8
572214	2019-07-10 00:00:00	2019	2019	7	7.197916666666667	7	8
572214	2019-07-11 00:00:00	2019	2019	7	7.510416666666667	7	8
572214	2019-07-12 00:00:00	2019	2019	7	9.197916666666666	8	12
572214	2019-07-13 00:00:00	2019	2019	7	10.197916666666666	10	12
572214	2019-07-14 00:00:00	2019	2019	7	9.479166666666666	9	11
572214	2019-07-15 00:00:00	2019	2019	7	8.625	8	9
572214	2019-07-16 00:00:00	2019	2019	7	7.84375	7	8
572214	2019-07-17 00:00:00	2019	2019	7	7.625	7	8
572214	2019-07-18 00:00:00	2019	2019	7	7.208333333333333	7	8
572214	2019-07-19 00:00:00	2019	2019	7	7.5625	7	8
572214	2019-07-20 00:00:00	2019	2019	7	7.385416666666667	6	8
572214	2019-07-21 00:00:00	2019	2019	7	6.572916666666667	6	7
572214	2019-07-22 00:00:00	2019	2019	7	6.1875	6	7
572214	2019-07-23 00:00:00	2019	2019	7	5.875	5	7
572214	2019-07-24 00:00:00	2019	2019	7	5.791666666666667	5	7
572214	2019-07-25 00:00:00	2019	2019	7	5.291666666666667	5	6
572214	2019-07-26 00:00:00	2019	2019	7	5	5	5
572214	2019-07-27 00:00:00	2019	2019	7	5	5	5
572214	2019-07-28 00:00:00	2019	2019	7	5.010416666666667	5	6
572214	2019-07-29 00:00:00	2019	2019	7	5.510416666666667	5	6
572214	2019-07-30 00:00:00	2019	2019	7	5.760416666666667	5	6
572214	2019-07-31 00:00:00	2019	2019	7	5.666666666666667	5	6
572214	2019-08-01 00:00:00	2019	2019	8	5.4375	5	6
572214	2019-08-02 00:00:00	2019	2019	8	5	5	5
572214	2019-08-03 00:00:00	2019	2019	8	7.0625	5	9
572214	2019-08-04 00:00:00	2019	2019	8	6.760416666666667	6	7
572214	2019-08-05 00:00:00	2019	2019	8	6.177083333333333	6	7
572214	2019-08-06 00:00:00	2019	2019	8	6.364583333333333	6	7
572214	2019-08-07 00:00:00	2019	2019	8	8.802083333333334	7	12
572214	2019-08-08 00:00:00	2019	2019	8	8.760416666666666	8	10
572214	2019-08-09 00:00:00	2019	2019	8	7.21875	7	8
572214	2019-08-10 00:00:00	2019	2019	8	8.15625	7	9
572214	2019-08-11 00:00:00	2019	2019	8	6.739583333333333	6	7
572214	2019-08-12 00:00:00	2019	2019	8	6.510416666666667	6	7
572214	2019-08-13 00:00:00	2019	2019	8	6.645833333333333	6	7
572214	2019-08-14 00:00:00	2019	2019	8	6	6	6
572214	2019-08-15 00:00:00	2019	2019	8	6	6	6
572214	2019-08-16 00:00:00	2019	2019	8	6.333333333333333	6	7
572214	2019-08-17 00:00:00	2019	2019	8	6	6	6
572214	2019-08-18 00:00:00	2019	2019	8	6.364583333333333	6	8
572214	2019-08-19 00:00:00	2019	2019	8	8.489583333333334	7	10
572214	2019-08-20 00:00:00	2019	2019	8	8.15625	7	18
572214	2019-08-21 00:00:00	2019	2019	8	8.260416666666666	7	11
572214	2019-08-22 00:00:00	2019	2019	8	6.6875	6	7
572214	2019-08-23 00:00:00	2019	2019	8	6.083333333333333	6	7
572214	2019-08-24 00:00:00	2019	2019	8	6	6	6
572214	2019-08-25 00:00:00	2019	2019	8	6	6	6
572214	2019-08-26 00:00:00	2019	2019	8	10.947916666666666	5	35
572214	2019-08-27 00:00:00	2019	2019	8	14.197916666666666	12	20
572214	2019-08-28 00:00:00	2019	2019	8	10.583333333333334	9	12
572214	2019-08-29 00:00:00	2019	2019	8	9.020833333333334	9	10
572214	2019-08-30 00:00:00	2019	2019	8	8.625	8	9
572214	2019-08-31 00:00:00	2019	2019	8	7.770833333333333	7	8
572214	2019-09-01 00:00:00	2019	2019	9	7.541666666666667	7	8
572214	2019-09-02 00:00:00	2019	2019	9	7	7	7
572214	2019-09-03 00:00:00	2019	2019	9	7	7	7
572214	2019-09-04 00:00:00	2019	2019	9	6.770833333333333	6	7
572214	2019-09-05 00:00:00	2019	2019	9	6.520833333333333	6	7
572214	2019-09-06 00:00:00	2019	2019	9	6.354166666666667	6	7
572214	2019-09-07 00:00:00	2019	2019	9	6.583333333333333	6	7
572214	2019-09-08 00:00:00	2019	2019	9	6.96875	6	7
572214	2019-09-09 00:00:00	2019	2019	9	12.447916666666666	7	14
572214	2019-09-10 00:00:00	2019	2019	9	11.104166666666666	10	13
572214	2019-09-11 00:00:00	2019	2019	9	9.28125	9	10
572214	2019-09-12 00:00:00	2019	2019	9	8.760416666666666	8	9
572214	2019-09-13 00:00:00	2019	2019	9	8.229166666666666	8	9
572214	2019-09-14 00:00:00	2019	2019	9	8	8	8
572214	2019-09-15 00:00:00	2019	2019	9	7.71875	7	8
572214	2019-09-16 00:00:00	2019	2019	9	7.458333333333333	7	8
572214	2019-09-17 00:00:00	2019	2019	9	8.125	8	9
572214	2019-09-18 00:00:00	2019	2019	9	7.822916666666667	7	8
572214	2019-09-19 00:00:00	2019	2019	9	7.270833333333333	7	8
572214	2019-09-20 00:00:00	2019	2019	9	7.239583333333333	7	8
572214	2019-09-21 00:00:00	2019	2019	9	7.239583333333333	7	8
572214	2019-09-22 00:00:00	2019	2019	9	7.197916666666667	7	8
572214	2019-09-23 00:00:00	2019	2019	9	7.083333333333333	7	8
572214	2019-09-24 00:00:00	2019	2019	9	7.760416666666667	7	8
572214	2019-09-25 00:00:00	2019	2019	9	8.583333333333334	7	10
572214	2019-09-26 00:00:00	2019	2019	9	9.03125	9	10
572214	2019-09-27 00:00:00	2019	2019	9	9.875	9	11
572214	2019-09-28 00:00:00	2019	2019	9	9.947916666666666	9	10
572214	2019-09-29 00:00:00	2019	2019	9	9	9	9
572214	2019-09-30 00:00:00	2019	2019	9	9.354166666666666	9	10
572214	2019-10-01 00:00:00	2019	2019	10	9.104166666666666	9	10
572214	2019-10-02 00:00:00	2019	2019	10	18.927083333333332	10	26
572214	2019-10-03 00:00:00	2019	2019	10	15.427083333333334	13	19
572214	2019-10-04 00:00:00	2019	2019	10	12.666666666666666	12	13
572214	2019-10-05 00:00:00	2019	2019	10	13.354166666666666	12	14
572214	2019-10-06 00:00:00	2019	2019	10	13.041666666666666	13	14
572214	2019-10-07 00:00:00	2019	2019	10	12.46875	12	13
572214	2019-10-08 00:00:00	2019	2019	10	12.020833333333334	12	13
572214	2019-10-09 00:00:00	2019	2019	10	13	13	13
572214	2019-10-10 00:00:00	2019	2019	10	13.520833333333334	13	14
572214	2019-10-11 00:00:00	2019	2019	10	13.458333333333334	13	14
572214	2019-10-12 00:00:00	2019	2019	10	12.59375	12	13
572214	2019-10-13 00:00:00	2019	2019	10	12	12	12
572214	2019-10-14 00:00:00	2019	2019	10	11.5625	11	12
572214	2019-10-15 00:00:00	2019	2019	10	11	11	11
572214	2019-10-16 00:00:00	2019	2019	10	11	11	11
572214	2019-10-17 00:00:00	2019	2019	10	11	11	11
572214	2019-10-18 00:00:00	2019	2019	10	11.3125	11	12
572214	2019-10-19 00:00:00	2019	2019	10	11.46875	11	12
572214	2019-10-20 00:00:00	2019	2019	10	11	11	11
572214	2019-10-21 00:00:00	2019	2019	10	10.697916666666666	10	11
572214	2019-10-22 00:00:00	2019	2019	10	10	10	10
572214	2019-10-23 00:00:00	2019	2019	10	10	10	10
572214	2019-10-24 00:00:00	2019	2019	10	10	10	10
572214	2019-10-25 00:00:00	2019	2019	10	9.729166666666666	9	10
572214	2019-10-26 00:00:00	2019	2019	10	9	9	9
572214	2019-10-27 00:00:00	2019	2019	10	10.395833333333334	9	14
572214	2019-10-28 00:00:00	2019	2019	10	11.96875	11	14
572214	2019-10-29 00:00:00	2019	2019	10	10.822916666666666	10	11
572214	2019-10-30 00:00:00	2019	2019	10	10	10	10
572214	2019-10-31 00:00:00	2019	2019	10	10	10	10
572214	2019-11-01 00:00:00	2019	2020	11	9.895833333333334	9	10
572214	2019-11-02 00:00:00	2019	2020	11	10.614583333333334	10	11
572214	2019-11-03 00:00:00	2019	2020	11	12.260416666666666	11	13
572214	2019-11-04 00:00:00	2019	2020	11	12.885416666666666	12	14
572214	2019-11-05 00:00:00	2019	2020	11	13.229166666666666	13	14
572214	2019-11-06 00:00:00	2019	2020	11	12.052083333333334	12	13
572214	2019-11-07 00:00:00	2019	2020	11	12	12	12
572214	2019-11-08 00:00:00	2019	2020	11	13.020833333333334	11	19
572214	2019-11-09 00:00:00	2019	2020	11	19.739583333333332	18	21
572214	2019-11-10 00:00:00	2019	2020	11	17.229166666666668	16	18
572214	2019-11-11 00:00:00	2019	2020	11	16	16	16
572214	2019-11-12 00:00:00	2019	2020	11	15.989583333333334	15	16
572214	2019-11-13 00:00:00	2019	2020	11	15.15625	15	16
572214	2019-11-14 00:00:00	2019	2020	11	14.59375	14	15
572214	2019-11-15 00:00:00	2019	2020	11	14	14	14
572214	2019-11-16 00:00:00	2019	2020	11	18.385416666666668	14	22
572214	2019-11-17 00:00:00	2019	2020	11	17.03125	17	18
572214	2019-11-18 00:00:00	2019	2020	11	16.864583333333332	16	17
572214	2019-11-19 00:00:00	2019	2020	11	16	16	16
572214	2019-11-20 00:00:00	2019	2020	11	16	16	16
572214	2019-11-21 00:00:00	2019	2020	11	16	16	16
572214	2019-11-22 00:00:00	2019	2020	11	15.989583333333334	15	16
572214	2019-11-23 00:00:00	2019	2020	11	15.09375	15	16
572214	2019-11-24 00:00:00	2019	2020	11	15	15	15
572214	2019-11-25 00:00:00	2019	2020	11	14.895833333333334	14	15
572214	2019-11-26 00:00:00	2019	2020	11	14.666666666666666	14	15
572214	2019-11-27 00:00:00	2019	2020	11	14.34375	14	15
572214	2019-11-28 00:00:00	2019	2020	11	16.15625	15	20
572214	2019-11-29 00:00:00	2019	2020	11	19.34375	18	20
572214	2019-11-30 00:00:00	2019	2020	11	17.239583333333332	17	18
572214	2019-12-01 00:00:00	2019	2020	12	16.802083333333332	16	17
572214	2019-12-02 00:00:00	2019	2020	12	16.9375	16	17
572214	2019-12-03 00:00:00	2019	2020	12	16.916666666666668	16	17
572214	2019-12-04 00:00:00	2019	2020	12	16	16	16
572214	2019-12-05 00:00:00	2019	2020	12	16	16	16
572214	2019-12-06 00:00:00	2019	2020	12	16.010416666666668	16	17
572214	2019-12-07 00:00:00	2019	2020	12	17.875	17	18
572214	2019-12-08 00:00:00	2019	2020	12	18.020833333333332	18	19
572214	2019-12-09 00:00:00	2019	2020	12	19.239583333333332	19	20
572214	2019-12-10 00:00:00	2019	2020	12	18.78125	18	19
572214	2019-12-11 00:00:00	2019	2020	12	18.104166666666668	18	19
572214	2019-12-12 00:00:00	2019	2020	12	19	19	19
572214	2019-12-13 00:00:00	2019	2020	12	19.40625	19	20
572214	2019-12-14 00:00:00	2019	2020	12	21.364583333333332	20	24
572214	2019-12-15 00:00:00	2019	2020	12	29.1875	24	34
572214	2019-12-16 00:00:00	2019	2020	12	32.447916666666664	32	33
572214	2019-12-17 00:00:00	2019	2020	12	32.9375	32	33
572214	2019-12-18 00:00:00	2019	2020	12	31.40625	30	32
572214	2019-12-19 00:00:00	2019	2020	12	29.510416666666668	29	30
572214	2019-12-20 00:00:00	2019	2020	12	28.239583333333332	28	29
572214	2019-12-21 00:00:00	2019	2020	12	26.854166666666668	26	28
572214	2019-12-22 00:00:00	2019	2020	12	25.447916666666668	25	26
572214	2019-12-23 00:00:00	2019	2020	12	24.03125	23	25
572214	2019-12-24 00:00:00	2019	2020	12	22.947916666666668	22	24
572214	2019-12-25 00:00:00	2019	2020	12	23.28125	23	24
572214	2019-12-26 00:00:00	2019	2020	12	22.40625	22	23
572214	2019-12-27 00:00:00	2019	2020	12	21.010416666666668	21	22
572214	2019-12-28 00:00:00	2019	2020	12	20.052083333333332	20	21
572214	2019-12-29 00:00:00	2019	2020	12	20	20	20
572214	2019-12-30 00:00:00	2019	2020	12	20	20	20
572214	2019-12-31 00:00:00	2019	2020	12	19.90625	19	20
572214	2020-01-01 00:00:00	2020	2020	1	19	19	19
572214	2020-01-02 00:00:00	2020	2020	1	19	19	19
572214	2020-01-03 00:00:00	2020	2020	1	19	19	19
572214	2020-01-04 00:00:00	2020	2020	1	20.041666666666668	19	21
572214	2020-01-05 00:00:00	2020	2020	1	18.791666666666668	18	20
572214	2020-01-06 00:00:00	2020	2020	1	18	18	18
572214	2020-01-07 00:00:00	2020	2020	1	17.989583333333332	17	18
572214	2020-01-08 00:00:00	2020	2020	1	17.760416666666668	17	19
572214	2020-01-09 00:00:00	2020	2020	1	18	18	18
572214	2020-01-10 00:00:00	2020	2020	1	18.479166666666668	18	19
572214	2020-01-11 00:00:00	2020	2020	1	18.145833333333332	17	19
572214	2020-01-12 00:00:00	2020	2020	1	17	17	17
572214	2020-01-13 00:00:00	2020	2020	1	17.375	17	18
572214	2020-01-14 00:00:00	2020	2020	1	18	18	18
572214	2020-01-15 00:00:00	2020	2020	1	17.822916666666668	17	18
572214	2020-01-16 00:00:00	2020	2020	1	17	17	17
572214	2020-01-17 00:00:00	2020	2020	1	17	17	17
572214	2020-01-18 00:00:00	2020	2020	1	17	17	17
572214	2020-01-19 00:00:00	2020	2020	1	17	17	17
572214	2020-01-20 00:00:00	2020	2020	1	16.145833333333332	16	17
572214	2020-01-21 00:00:00	2020	2020	1	16	16	16
572214	2020-01-22 00:00:00	2020	2020	1	15.416666666666666	14	17
572214	2020-01-23 00:00:00	2020	2020	1	16	16	16
572214	2020-01-24 00:00:00	2020	2020	1	15.65625	15	16
572214	2020-01-25 00:00:00	2020	2020	1	15.135416666666666	15	16
572214	2020-01-26 00:00:00	2020	2020	1	15.458333333333334	15	16
572214	2020-01-27 00:00:00	2020	2020	1	16.145833333333332	16	18
572214	2020-01-28 00:00:00	2020	2020	1	21.864583333333332	18	25
572214	2020-01-29 00:00:00	2020	2020	1	19.833333333333332	19	22
572214	2020-01-30 00:00:00	2020	2020	1	18.427083333333332	18	19
572214	2020-01-31 00:00:00	2020	2020	1	19.875	19	21
572214	2020-02-01 00:00:00	2020	2020	2	21.78125	20	27
572214	2020-02-02 00:00:00	2020	2020	2	25.854166666666668	24	27
572214	2020-02-03 00:00:00	2020	2020	2	27.239583333333332	27	28
572214	2020-02-04 00:00:00	2020	2020	2	36.416666666666664	28	39
572214	2020-02-05 00:00:00	2020	2020	2	37.822916666666664	37	38
572214	2020-02-06 00:00:00	2020	2020	2	38.572916666666664	38	39
572214	2020-02-07 00:00:00	2020	2020	2	37.375	37	38
572214	2020-02-08 00:00:00	2020	2020	2	35.458333333333336	35	37
572214	2020-02-09 00:00:00	2020	2020	2	34.239583333333336	34	35
572214	2020-02-10 00:00:00	2020	2020	2	44.666666666666664	35	55
572214	2020-02-11 00:00:00	2020	2020	2	50.239583333333336	47	56
572214	2020-02-12 00:00:00	2020	2020	2	56.96875	55	58
572214	2020-02-13 00:00:00	2020	2020	2	51.177083333333336	50	55
572214	2020-02-14 00:00:00	2020	2020	2	48.041666666666664	46	50
572214	2020-02-15 00:00:00	2020	2020	2	43.489583333333336	42	46
572214	2020-02-16 00:00:00	2020	2020	2	41.395833333333336	41	42
572214	2020-02-17 00:00:00	2020	2020	2	40.416666666666664	39	42
572214	2020-02-18 00:00:00	2020	2020	2	38.864583333333336	38	40
572214	2020-02-19 00:00:00	2020	2020	2	38.760416666666664	38	40
572214	2020-02-20 00:00:00	2020	2020	2	37.114583333333336	37	38
572214	2020-02-21 00:00:00	2020	2020	2	37.916666666666664	36	40
572214	2020-02-22 00:00:00	2020	2020	2	36	36	36
572214	2020-02-23 00:00:00	2020	2020	2	38.520833333333336	36	43
572214	2020-02-24 00:00:00	2020	2020	2	39.770833333333336	39	43
572214	2020-02-25 00:00:00	2020	2020	2	41.15625	40	42
572214	2020-02-26 00:00:00	2020	2020	2	42.572916666666664	42	43
572214	2020-02-27 00:00:00	2020	2020	2	41.322916666666664	41	42
572214	2020-02-28 00:00:00	2020	2020	2	39.885416666666664	39	42
572214	2020-02-29 00:00:00	2020	2020	2	41.739583333333336	39	54
572214	2020-03-01 00:00:00	2020	2020	3	54.6875	49	62
572214	2020-03-02 00:00:00	2020	2020	3	64.125	62	65
572214	2020-03-03 00:00:00	2020	2020	3	65.10416666666667	64	66
572214	2020-03-04 00:00:00	2020	2020	3	62.927083333333336	62	64
572214	2020-03-05 00:00:00	2020	2020	3	60.6875	60	62
572214	2020-03-06 00:00:00	2020	2020	3	58.989583333333336	52	61
572214	2020-03-07 00:00:00	2020	2020	3	48.65625	46	52
572214	2020-03-08 00:00:00	2020	2020	3	45.229166666666664	45	46
572214	2020-03-09 00:00:00	2020	2020	3	44.96875	44	45
572214	2020-03-10 00:00:00	2020	2020	3	45.208333333333336	43	46
572214	2020-03-11 00:00:00	2020	2020	3	60.1875	46	68
572214	2020-03-12 00:00:00	2020	2020	3	71.92708333333333	68	73
572214	2020-03-13 00:00:00	2020	2020	3	70.88541666666667	69	73
572214	2020-03-14 00:00:00	2020	2020	3	67.27083333333333	66	69
572214	2020-03-15 00:00:00	2020	2020	3	63.895833333333336	62	66
572214	2020-03-16 00:00:00	2020	2020	3	57.020833333333336	50	62
572214	2020-03-17 00:00:00	2020	2020	3	47.28125	45	50
572214	2020-03-18 00:00:00	2020	2020	3	42.395833333333336	41	45
572214	2020-03-19 00:00:00	2020	2020	3	39.041666666666664	38	41
572214	2020-03-20 00:00:00	2020	2020	3	35.979166666666664	35	37
572214	2020-03-21 00:00:00	2020	2020	3	33.729166666666664	32	35
572214	2020-03-22 00:00:00	2020	2020	3	30.958333333333332	30	32
572214	2020-03-23 00:00:00	2020	2020	3	28.822916666666668	28	30
572214	2020-03-24 00:00:00	2020	2020	3	27.291666666666668	27	28
572214	2020-03-25 00:00:00	2020	2020	3	26.25	26	27
572214	2020-03-26 00:00:00	2020	2020	3	25.96875	25	26
572214	2020-03-27 00:00:00	2020	2020	3	25	25	25
572214	2020-03-28 00:00:00	2020	2020	3	23.96875	23	25
572214	2020-03-29 00:00:00	2020	2020	3	23.1875	23	24
572214	2020-03-30 00:00:00	2020	2020	3	22.625	22	23
572214	2020-03-31 00:00:00	2020	2020	3	22.135416666666668	22	23
572214	2020-04-01 00:00:00	2020	2020	4	21.041666666666668	21	22
572214	2020-04-02 00:00:00	2020	2020	4	21	21	21
572214	2020-04-03 00:00:00	2020	2020	4	20.229166666666668	20	21
572214	2020-04-04 00:00:00	2020	2020	4	19.6875	19	20
572214	2020-04-05 00:00:00	2020	2020	4	18.677083333333332	18	19
572214	2020-04-06 00:00:00	2020	2020	4	17.96875	17	18
572214	2020-04-07 00:00:00	2020	2020	4	17.135416666666668	16	18
572214	2020-04-08 00:00:00	2020	2020	4	16.645833333333332	16	17
572214	2020-04-09 00:00:00	2020	2020	4	16.447916666666668	16	17
572214	2020-04-10 00:00:00	2020	2020	4	15.729166666666666	15	16
572214	2020-04-11 00:00:00	2020	2020	4	15.583333333333334	15	16
572214	2020-04-12 00:00:00	2020	2020	4	14.927083333333334	14	15
572214	2020-04-13 00:00:00	2020	2020	4	15	15	15
572214	2020-04-14 00:00:00	2020	2020	4	14.729166666666666	14	15
572214	2020-04-15 00:00:00	2020	2020	4	14	14	14
572214	2020-04-16 00:00:00	2020	2020	4	13.802083333333334	13	14
572214	2020-04-17 00:00:00	2020	2020	4	13.65625	13	14
572214	2020-04-18 00:00:00	2020	2020	4	13.135416666666666	13	14
572214	2020-04-19 00:00:00	2020	2020	4	13.364583333333334	13	14
572214	2020-04-20 00:00:00	2020	2020	4	12.71875	12	13
572214	2020-04-21 00:00:00	2020	2020	4	12.135416666666666	12	13
572214	2020-04-22 00:00:00	2020	2020	4	11.885416666666666	11	12
572214	2020-04-23 00:00:00	2020	2020	4	11.677083333333334	11	12
572214	2020-04-24 00:00:00	2020	2020	4	11.34375	11	12
572214	2020-04-25 00:00:00	2020	2020	4	11.53125	11	12
572214	2020-04-26 00:00:00	2020	2020	4	11.114583333333334	11	12
572214	2020-04-27 00:00:00	2020	2020	4	10.697916666666666	10	11
572214	2020-04-28 00:00:00	2020	2020	4	10.65625	10	11
572214	2020-04-29 00:00:00	2020	2020	4	11	11	11
572214	2020-04-30 00:00:00	2020	2020	4	11.03125	11	12
572214	2020-05-01 00:00:00	2020	2020	5	11.489583333333334	11	12
572214	2020-05-02 00:00:00	2020	2020	5	12.208333333333334	12	13
572214	2020-05-03 00:00:00	2020	2020	5	11.59375	11	12
572214	2020-05-04 00:00:00	2020	2020	5	11.208333333333334	11	12
572214	2020-05-05 00:00:00	2020	2020	5	11.166666666666666	10	12
572214	2020-05-06 00:00:00	2020	2020	5	10	10	10
572214	2020-05-07 00:00:00	2020	2020	5	9.625	7	10
572214	2020-05-08 00:00:00	2020	2020	5	8.802083333333334	6	10
572214	2020-05-09 00:00:00	2020	2020	5	8.739583333333334	8	9
572214	2020-05-10 00:00:00	2020	2020	5	9	8	10
572214	2020-05-11 00:00:00	2020	2020	5	15.447916666666666	10	23
572214	2020-05-12 00:00:00	2020	2020	5	16.03125	15	19
572214	2020-05-13 00:00:00	2020	2020	5	13.677083333333334	12	15
572214	2020-05-14 00:00:00	2020	2020	5	11.916666666666666	11	12
572214	2020-05-15 00:00:00	2020	2020	5	11	11	11
572214	2020-05-16 00:00:00	2020	2020	5	10.739583333333334	10	11
572214	2020-05-17 00:00:00	2020	2020	5	10.291666666666666	10	11
572214	2020-05-18 00:00:00	2020	2020	5	9.885416666666666	9	10
572214	2020-05-19 00:00:00	2020	2020	5	9.75	9	10
572214	2020-05-20 00:00:00	2020	2020	5	9.927083333333334	9	10
572214	2020-05-21 00:00:00	2020	2020	5	9.635416666666666	9	10
572214	2020-05-22 00:00:00	2020	2020	5	8.947916666666666	8	9
572214	2020-05-23 00:00:00	2020	2020	5	12	9	14
572214	2020-05-24 00:00:00	2020	2020	5	11.145833333333334	11	12
572214	2020-05-25 00:00:00	2020	2020	5	11.572916666666666	11	12
572214	2020-05-26 00:00:00	2020	2020	5	10.822916666666666	10	11
572214	2020-05-27 00:00:00	2020	2020	5	10.083333333333334	10	11
572214	2020-05-28 00:00:00	2020	2020	5	10.447916666666666	10	11
572214	2020-05-29 00:00:00	2020	2020	5	9.822916666666666	9	10
572214	2020-05-30 00:00:00	2020	2020	5	9.6875	9	10
572214	2020-05-31 00:00:00	2020	2020	5	9.135416666666666	9	10
572214	2020-06-01 00:00:00	2020	2020	6	8.875	8	10
572214	2020-06-02 00:00:00	2020	2020	6	8.53125	8	9
572214	2020-06-03 00:00:00	2020	2020	6	8.28125	8	9
572214	2020-06-04 00:00:00	2020	2020	6	9.34375	8	13
572214	2020-06-05 00:00:00	2020	2020	6	12.208333333333334	11	15
572214	2020-06-06 00:00:00	2020	2020	6	13.75	12	16
572214	2020-06-07 00:00:00	2020	2020	6	12.166666666666666	12	13
572214	2020-06-08 00:00:00	2020	2020	6	10.958333333333334	10	12
572214	2020-06-09 00:00:00	2020	2020	6	10.947916666666666	10	13
572214	2020-06-10 00:00:00	2020	2020	6	13.395833333333334	13	16
572214	2020-06-11 00:00:00	2020	2020	6	16.5625	15	18
572214	2020-06-12 00:00:00	2020	2020	6	14.197916666666666	13	15
572214	2020-06-13 00:00:00	2020	2020	6	12.645833333333334	12	13
572214	2020-06-14 00:00:00	2020	2020	6	16.78125	13	19
572214	2020-06-15 00:00:00	2020	2020	6	20.15625	16	25
572214	2020-06-16 00:00:00	2020	2020	6	20.604166666666668	19	23
572214	2020-06-17 00:00:00	2020	2020	6	18.666666666666668	18	19
572214	2020-06-18 00:00:00	2020	2020	6	18.375	18	19
572214	2020-06-19 00:00:00	2020	2020	6	18.3125	18	19
572214	2020-06-20 00:00:00	2020	2020	6	19.71875	18	21
572214	2020-06-21 00:00:00	2020	2020	6	17.552083333333332	17	18
572214	2020-06-22 00:00:00	2020	2020	6	16.416666666666668	16	17
572214	2020-06-23 00:00:00	2020	2020	6	15.572916666666666	15	16
572214	2020-06-24 00:00:00	2020	2020	6	14.65625	14	15
572214	2020-06-25 00:00:00	2020	2020	6	14.458333333333334	14	15
572214	2020-06-26 00:00:00	2020	2020	6	13.708333333333334	13	15
572214	2020-06-27 00:00:00	2020	2020	6	14	13	15
572214	2020-06-28 00:00:00	2020	2020	6	14.28125	14	15
572214	2020-06-29 00:00:00	2020	2020	6	13.4375	13	14
572214	2020-06-30 00:00:00	2020	2020	6	12.604166666666666	12	13
572214	2020-07-01 00:00:00	2020	2020	7	11.9375	11	13
572214	2020-07-02 00:00:00	2020	2020	7	11.65625	11	12
572214	2020-07-03 00:00:00	2020	2020	7	11.635416666666666	11	12
572214	2020-07-04 00:00:00	2020	2020	7	10.708333333333334	10	11
572214	2020-07-05 00:00:00	2020	2020	7	10.583333333333334	10	11
572214	2020-07-06 00:00:00	2020	2020	7	10.364583333333334	10	11
572214	2020-07-07 00:00:00	2020	2020	7	9.791666666666666	9	10
572214	2020-07-08 00:00:00	2020	2020	7	10.322916666666666	9	11
572214	2020-07-09 00:00:00	2020	2020	7	10.510416666666666	10	12
572214	2020-07-10 00:00:00	2020	2020	7	9.614583333333334	9	10
572214	2020-07-11 00:00:00	2020	2020	7	8.854166666666666	8	9
572214	2020-07-12 00:00:00	2020	2020	7	8.604166666666666	8	9
572214	2020-07-13 00:00:00	2020	2020	7	8.354166666666666	8	9
572214	2020-07-14 00:00:00	2020	2020	7	8.21875	8	9
572214	2020-07-15 00:00:00	2020	2020	7	9.864583333333334	8	13
572214	2020-07-16 00:00:00	2020	2020	7	10.020833333333334	9	13
572214	2020-07-17 00:00:00	2020	2020	7	8.979166666666666	8	9
572214	2020-07-18 00:00:00	2020	2020	7	8.645833333333334	8	9
572214	2020-07-19 00:00:00	2020	2020	7	8.177083333333334	8	9
572214	2020-07-20 00:00:00	2020	2020	7	7.979166666666667	7	9
572214	2020-07-21 00:00:00	2020	2020	7	7.729166666666667	7	8
572214	2020-07-22 00:00:00	2020	2020	7	7.34375	7	8
572214	2020-07-23 00:00:00	2020	2020	7	7.208333333333333	7	8
572214	2020-07-24 00:00:00	2020	2020	7	7.072916666666667	6	8
572214	2020-07-25 00:00:00	2020	2020	7	6.90625	6	8
572214	2020-07-26 00:00:00	2020	2020	7	7.229166666666667	7	8
572214	2020-07-27 00:00:00	2020	2020	7	6.875	6	8
572214	2020-07-28 00:00:00	2020	2020	7	6.614583333333333	6	7
572214	2020-07-29 00:00:00	2020	2020	7	6.364583333333333	6	7
572214	2020-07-30 00:00:00	2020	2020	7	6.15625	5	7
572214	2020-07-31 00:00:00	2020	2020	7	5.875	5	7
572214	2020-08-01 00:00:00	2020	2020	8	5.760416666666667	5	7
572214	2020-08-02 00:00:00	2020	2020	8	13.489583333333334	5	33
572214	2020-08-03 00:00:00	2020	2020	8	14.75	12	20
572214	2020-08-04 00:00:00	2020	2020	8	11.395833333333334	11	12
572214	2020-08-05 00:00:00	2020	2020	8	10.15625	10	11
572214	2020-08-06 00:00:00	2020	2020	8	9.625	9	10
572214	2020-08-07 00:00:00	2020	2020	8	8.822916666666666	8	10
572214	2020-08-08 00:00:00	2020	2020	8	8.583333333333334	8	9
572214	2020-08-09 00:00:00	2020	2020	8	8.458333333333334	8	11
572214	2020-08-10 00:00:00	2020	2020	8	19.583333333333332	9	31
572214	2020-08-11 00:00:00	2020	2020	8	15.229166666666666	14	16
572214	2020-08-12 00:00:00	2020	2020	8	13.635416666666666	13	15
572214	2020-08-13 00:00:00	2020	2020	8	13	13	13
572214	2020-08-14 00:00:00	2020	2020	8	15.114583333333334	13	38
572214	2020-08-15 00:00:00	2020	2020	8	67.125	43	74
572214	2020-08-16 00:00:00	2020	2020	8	46.947916666666664	39	61
572214	2020-08-17 00:00:00	2020	2020	8	48.322916666666664	35	68
572214	2020-08-18 00:00:00	2020	2020	8	54.270833333333336	48	60
572214	2020-08-19 00:00:00	2020	2020	8	44.239583333333336	41	48
572214	2020-08-20 00:00:00	2020	2020	8	37.645833333333336	35	41
572214	2020-08-21 00:00:00	2020	2020	8	32.333333333333336	30	35
572214	2020-08-22 00:00:00	2020	2020	8	29.59375	28	31
572214	2020-08-23 00:00:00	2020	2020	8	26.645833333333332	26	28
572214	2020-08-24 00:00:00	2020	2020	8	24.385416666666668	23	25
572214	2020-08-25 00:00:00	2020	2020	8	22.572916666666668	22	23
572214	2020-08-26 00:00:00	2020	2020	8	21.125	20	22
572214	2020-08-27 00:00:00	2020	2020	8	19.5625	19	20
572214	2020-08-28 00:00:00	2020	2020	8	19.28125	19	20
572214	2020-08-29 00:00:00	2020	2020	8	18.53125	18	19
572214	2020-08-30 00:00:00	2020	2020	8	22.96875	18	61
572214	2020-08-31 00:00:00	2020	2020	8	53.020833333333336	47	61
572214	2020-09-01 00:00:00	2020	2020	9	45.010416666666664	43	47
572214	2020-09-02 00:00:00	2020	2020	9	40.583333333333336	38	43
572214	2020-09-03 00:00:00	2020	2020	9	36.34375	34	38
572214	2020-09-04 00:00:00	2020	2020	9	32.760416666666664	31	34
572214	2020-09-05 00:00:00	2020	2020	9	30.78125	30	31
572214	2020-09-06 00:00:00	2020	2020	9	28.645833333333332	27	30
572214	2020-09-07 00:00:00	2020	2020	9	26.1875	25	27
572214	2020-09-08 00:00:00	2020	2020	9	24.197916666666668	23	25
572214	2020-09-09 00:00:00	2020	2020	9	22.583333333333332	22	23
572214	2020-09-10 00:00:00	2020	2020	9	22.03125	21	23
572214	2020-09-11 00:00:00	2020	2020	9	20.729166666666668	20	21
572214	2020-09-12 00:00:00	2020	2020	9	19.677083333333332	19	20
572214	2020-09-13 00:00:00	2020	2020	9	18.635416666666668	18	19
572214	2020-09-14 00:00:00	2020	2020	9	17.635416666666668	17	18
572214	2020-09-15 00:00:00	2020	2020	9	16.833333333333332	16	17
572214	2020-09-16 00:00:00	2020	2020	9	16.614583333333332	16	17
572214	2020-09-17 00:00:00	2020	2020	9	15.770833333333334	15	16
572214	2020-09-18 00:00:00	2020	2020	9	15.052083333333334	15	16
572214	2020-09-19 00:00:00	2020	2020	9	14.697916666666666	14	15
572214	2020-09-20 00:00:00	2020	2020	9	14.260416666666666	14	15
572214	2020-09-21 00:00:00	2020	2020	9	14.020833333333334	14	15
572214	2020-09-22 00:00:00	2020	2020	9	13.729166666666666	13	14
572214	2020-09-23 00:00:00	2020	2020	9	13.666666666666666	13	14
572214	2020-09-24 00:00:00	2020	2020	9	13.3125	13	14
572214	2020-09-25 00:00:00	2020	2020	9	19.90625	13	27
572214	2020-09-26 00:00:00	2020	2020	9	19.125	16	29
572214	2020-09-27 00:00:00	2020	2020	9	22.46875	20	28
572214	2020-09-28 00:00:00	2020	2020	9	18.697916666666668	18	20
572214	2020-09-29 00:00:00	2020	2020	9	17.604166666666668	17	18
572214	2020-09-30 00:00:00	2020	2020	9	17	17	17
572214	2020-10-01 00:00:00	2020	2020	10	16.71875	16	17
572214	2020-10-02 00:00:00	2020	2020	10	16.1875	16	17
572214	2020-10-03 00:00:00	2020	2020	10	16	16	16
572214	2020-10-04 00:00:00	2020	2020	10	15.666666666666666	15	16
572214	2020-10-05 00:00:00	2020	2020	10	15	15	15
572214	2020-10-06 00:00:00	2020	2020	10	16.427083333333332	15	17
572214	2020-10-07 00:00:00	2020	2020	10	17.239583333333332	17	18
572214	2020-10-08 00:00:00	2020	2020	10	16.46875	16	17
572214	2020-10-09 00:00:00	2020	2020	10	16.916666666666668	16	19
572214	2020-10-10 00:00:00	2020	2020	10	18.083333333333332	17	19
572214	2020-10-11 00:00:00	2020	2020	10	16.666666666666668	16	17
572214	2020-10-12 00:00:00	2020	2020	10	16	16	16
572214	2020-10-13 00:00:00	2020	2020	10	16	16	16
572214	2020-10-14 00:00:00	2020	2020	10	28.322916666666668	16	61
572214	2020-10-15 00:00:00	2020	2020	10	63.583333333333336	57	68
572214	2020-10-16 00:00:00	2020	2020	10	69.36458333333333	68	70
572214	2020-10-17 00:00:00	2020	2020	10	69.33333333333333	68	70
572214	2020-10-18 00:00:00	2020	2020	10	66.11458333333333	64	68
572214	2020-10-19 00:00:00	2020	2020	10	62.416666666666664	60	64
572214	2020-10-20 00:00:00	2020	2020	10	53.510416666666664	48	60
572214	2020-10-21 00:00:00	2020	2020	10	45.458333333333336	43	48
572214	2020-10-22 00:00:00	2020	2020	10	40.6875	39	43
572214	2020-10-23 00:00:00	2020	2020	10	37.270833333333336	36	39
572214	2020-10-24 00:00:00	2020	2020	10	34.4375	33	36
572214	2020-10-25 00:00:00	2020	2020	10	31.78125	31	33
572214	2020-10-26 00:00:00	2020	2020	10	30.239583333333332	30	31
572214	2020-10-27 00:00:00	2020	2020	10	28.447916666666668	27	30
572214	2020-10-28 00:00:00	2020	2020	10	27.177083333333332	27	28
572214	2020-10-29 00:00:00	2020	2020	10	27	26	28
572214	2020-10-30 00:00:00	2020	2020	10	26.083333333333332	26	27
572214	2020-10-31 00:00:00	2020	2020	10	24.604166666666668	24	26
572214	2020-11-01 00:00:00	2020	2021	11	24	24	24
572214	2020-11-02 00:00:00	2020	2021	11	23.71875	23	24
572214	2020-11-03 00:00:00	2020	2021	11	22.479166666666668	22	23
572214	2020-11-04 00:00:00	2020	2021	11	21.375	21	22
572214	2020-11-05 00:00:00	2020	2021	11	20.770833333333332	20	21
572214	2020-11-06 00:00:00	2020	2021	11	20	20	20
572214	2020-11-07 00:00:00	2020	2021	11	20	20	20
572214	2020-11-08 00:00:00	2020	2021	11	20	20	20
572214	2020-11-09 00:00:00	2020	2021	11	19.875	19	20
572214	2020-11-10 00:00:00	2020	2021	11	19	19	19
572214	2020-11-11 00:00:00	2020	2021	11	19	19	19
572214	2020-11-12 00:00:00	2020	2021	11	19	19	19
572214	2020-11-13 00:00:00	2020	2021	11	18.885416666666668	18	19
572214	2020-11-14 00:00:00	2020	2021	11	18	18	18
572214	2020-11-15 00:00:00	2020	2021	11	18	18	18
572214	2020-11-16 00:00:00	2020	2021	11	19.052083333333332	18	20
572214	2020-11-17 00:00:00	2020	2021	11	18.166666666666668	17	19
572214	2020-11-18 00:00:00	2020	2021	11	17	17	17
572214	2020-11-19 00:00:00	2020	2021	11	17	17	17
572214	2020-11-20 00:00:00	2020	2021	11	17.052083333333332	16	18
572214	2020-11-21 00:00:00	2020	2021	11	16.010416666666668	16	17
572214	2020-11-22 00:00:00	2020	2021	11	16	16	16
572214	2020-11-23 00:00:00	2020	2021	11	16	16	16
572214	2020-11-24 00:00:00	2020	2021	11	15.114583333333334	15	16
572214	2020-11-25 00:00:00	2020	2021	11	15	15	15
572214	2020-11-26 00:00:00	2020	2021	11	15	15	15
572214	2020-11-27 00:00:00	2020	2021	11	15	15	15
572214	2020-11-28 00:00:00	2020	2021	11	15	15	15
572214	2020-11-29 00:00:00	2020	2021	11	14.3125	14	15
572214	2020-11-30 00:00:00	2020	2021	11	14	14	14
572214	2020-12-01 00:00:00	2020	2021	12	14	14	14
572214	2020-12-02 00:00:00	2020	2021	12	14	14	14
572214	2020-12-03 00:00:00	2020	2021	12	14	14	14
572214	2020-12-04 00:00:00	2020	2021	12	14	14	14
572214	2020-12-05 00:00:00	2020	2021	12	14	14	14
572214	2020-12-06 00:00:00	2020	2021	12	14	14	14
572214	2020-12-07 00:00:00	2020	2021	12	14	14	14
572214	2020-12-08 00:00:00	2020	2021	12	14	14	14
572214	2020-12-09 00:00:00	2020	2021	12	13.645833333333334	13	14
572214	2020-12-10 00:00:00	2020	2021	12	14	14	14
572214	2020-12-11 00:00:00	2020	2021	12	13.75	13	14
572214	2020-12-12 00:00:00	2020	2021	12	13	13	13
572214	2020-12-13 00:00:00	2020	2021	12	13.229166666666666	13	14
572214	2020-12-14 00:00:00	2020	2021	12	13.125	13	14
572214	2020-12-15 00:00:00	2020	2021	12	13	13	13
572214	2020-12-16 00:00:00	2020	2021	12	13	13	13
572214	2020-12-17 00:00:00	2020	2021	12	12.729166666666666	12	13
572214	2020-12-18 00:00:00	2020	2021	12	12	12	12
572214	2020-12-19 00:00:00	2020	2021	12	12	12	12
572214	2020-12-20 00:00:00	2020	2021	12	12	12	12
572214	2020-12-21 00:00:00	2020	2021	12	12	12	12
572214	2020-12-22 00:00:00	2020	2021	12	13.645833333333334	12	16
572214	2020-12-23 00:00:00	2020	2021	12	21.875	16	25
572214	2020-12-24 00:00:00	2020	2021	12	22.760416666666668	22	25
572214	2020-12-25 00:00:00	2020	2021	12	21.614583333333332	21	22
572214	2020-12-26 00:00:00	2020	2021	12	21	21	21
572214	2020-12-27 00:00:00	2020	2021	12	21.364583333333332	21	22
572214	2020-12-28 00:00:00	2020	2021	12	22.53125	22	23
572214	2020-12-29 00:00:00	2020	2021	12	22.989583333333332	22	23
572214	2020-12-30 00:00:00	2020	2021	12	22	22	22
572214	2020-12-31 00:00:00	2020	2021	12	21.416666666666668	21	22
572214	2021-01-01 00:00:00	2021	2021	1	21	21	21
572214	2021-01-02 00:00:00	2021	2021	1	20.302083333333332	20	21
572214	2021-01-03 00:00:00	2021	2021	1	20	20	20
572214	2021-01-04 00:00:00	2021	2021	1	19.989583333333332	19	20
572214	2021-01-05 00:00:00	2021	2021	1	19.90625	19	20
572214	2021-01-06 00:00:00	2021	2021	1	19.072916666666668	19	20
572214	2021-01-07 00:00:00	2021	2021	1	19	19	19
572214	2021-01-08 00:00:00	2021	2021	1	19	19	19
572214	2021-01-09 00:00:00	2021	2021	1	18.354166666666668	18	19
572214	2021-01-10 00:00:00	2021	2021	1	17.90625	17	18
572214	2021-01-11 00:00:00	2021	2021	1	21.135416666666668	16	28
572214	2021-01-12 00:00:00	2021	2021	1	18.020833333333332	18	19
572214	2021-01-13 00:00:00	2021	2021	1	18	18	18
572214	2021-01-14 00:00:00	2021	2021	1	17.25	17	18
572214	2021-01-15 00:00:00	2021	2021	1	17	17	17
572214	2021-01-16 00:00:00	2021	2021	1	16.75	16	17
572214	2021-01-17 00:00:00	2021	2021	1	16.90625	16	20
572214	2021-01-18 00:00:00	2021	2021	1	17	17	17
572214	2021-01-19 00:00:00	2021	2021	1	17	17	17
572214	2021-01-20 00:00:00	2021	2021	1	17	17	17
572214	2021-01-21 00:00:00	2021	2021	1	18.104166666666668	17	22
572214	2021-01-22 00:00:00	2021	2021	1	32.197916666666664	22	35
572214	2021-01-23 00:00:00	2021	2021	1	36.635416666666664	36	37
572214	2021-01-24 00:00:00	2021	2021	1	36	36	36
572214	2021-01-25 00:00:00	2021	2021	1	34.65625	34	36
572214	2021-01-26 00:00:00	2021	2021	1	33	32	34
572214	2021-01-27 00:00:00	2021	2021	1	31.9375	31	32
572214	2021-01-28 00:00:00	2021	2021	1	31.416666666666668	31	32
572214	2021-01-29 00:00:00	2021	2021	1	39.9375	31	50
572214	2021-01-30 00:00:00	2021	2021	1	63.979166666666664	51	68
572214	2021-01-31 00:00:00	2021	2021	1	66.8125	66	68
572214	2021-02-01 00:00:00	2021	2021	2	64.40625	63	66
572214	2021-02-02 00:00:00	2021	2021	2	61.395833333333336	61	63
572214	2021-02-03 00:00:00	2021	2021	2	63.333333333333336	61	70
572214	2021-02-04 00:00:00	2021	2021	2	78.375	70	85
572214	2021-02-05 00:00:00	2021	2021	2	78.60416666666667	73	83
572214	2021-02-06 00:00:00	2021	2021	2	68.41666666666667	66	73
572214	2021-02-07 00:00:00	2021	2021	2	64.71875	62	68
572214	2021-02-08 00:00:00	2021	2021	2	59.895833333333336	59	62
572214	2021-02-09 00:00:00	2021	2021	2	56.4375	52	60
572214	2021-02-10 00:00:00	2021	2021	2	46.53125	44	51
572214	2021-02-11 00:00:00	2021	2021	2	40.625	38	44
572214	2021-02-12 00:00:00	2021	2021	2	38.90625	36	42
572214	2021-02-13 00:00:00	2021	2021	2	38.770833333333336	37	41
572214	2021-02-14 00:00:00	2021	2021	2	45.072916666666664	34	68
572214	2021-02-15 00:00:00	2021	2021	2	33.979166666666664	33	34
572214	2021-02-16 00:00:00	2021	2021	2	33.541666666666664	33	35
572214	2021-02-17 00:00:00	2021	2021	2	34.989583333333336	34	37
572214	2021-02-18 00:00:00	2021	2021	2	35.572916666666664	34	39
572214	2021-02-19 00:00:00	2021	2021	2	42.09375	39	44
572214	2021-02-20 00:00:00	2021	2021	2	44.739583333333336	44	46
572214	2021-02-21 00:00:00	2021	2021	2	46.614583333333336	46	48
572214	2021-02-22 00:00:00	2021	2021	2	49.520833333333336	48	51
572214	2021-02-23 00:00:00	2021	2021	2	52.1875	51	54
572214	2021-02-24 00:00:00	2021	2021	2	54.541666666666664	53	56
572214	2021-02-25 00:00:00	2021	2021	2	52.84375	50	56
572214	2021-02-26 00:00:00	2021	2021	2	48.510416666666664	47	50
572214	2021-02-27 00:00:00	2021	2021	2	44.291666666666664	42	47
572214	2021-02-28 00:00:00	2021	2021	2	40.697916666666664	39	42
572214	2021-03-01 00:00:00	2021	2021	3	37.958333333333336	37	39
572214	2021-03-02 00:00:00	2021	2021	3	35.166666666666664	34	37
572214	2021-03-03 00:00:00	2021	2021	3	33	32	34
572214	2021-03-04 00:00:00	2021	2021	3	32.302083333333336	32	33
572214	2021-03-05 00:00:00	2021	2021	3	31.1875	28	33
572214	2021-03-06 00:00:00	2021	2021	3	28	28	28
572214	2021-03-07 00:00:00	2021	2021	3	27.072916666666668	27	28
572214	2021-03-08 00:00:00	2021	2021	3	26.614583333333332	26	27
572214	2021-03-09 00:00:00	2021	2021	3	25.447916666666668	25	26
572214	2021-03-10 00:00:00	2021	2021	3	25	25	25
572214	2021-03-11 00:00:00	2021	2021	3	25.6875	24	28
572214	2021-03-12 00:00:00	2021	2021	3	25.354166666666668	24	27
572214	2021-03-13 00:00:00	2021	2021	3	26.947916666666668	24	32
572214	2021-03-14 00:00:00	2021	2021	3	25.666666666666668	24	28
572214	2021-03-15 00:00:00	2021	2021	3	24	24	24
572214	2021-03-16 00:00:00	2021	2021	3	23.958333333333332	23	24
572214	2021-03-17 00:00:00	2021	2021	3	23.010416666666668	23	24
572214	2021-03-18 00:00:00	2021	2021	3	23	23	23
572214	2021-03-19 00:00:00	2021	2021	3	23	23	23
572214	2021-03-20 00:00:00	2021	2021	3	22.708333333333332	22	23
572214	2021-03-21 00:00:00	2021	2021	3	22.947916666666668	22	24
572214	2021-03-22 00:00:00	2021	2021	3	22.75	22	23
572214	2021-03-23 00:00:00	2021	2021	3	22	22	22
572214	2021-03-24 00:00:00	2021	2021	3	21.59375	21	22
572214	2021-03-25 00:00:00	2021	2021	3	21	21	21
572214	2021-03-26 00:00:00	2021	2021	3	20.71875	20	21
572214	2021-03-27 00:00:00	2021	2021	3	21.135416666666668	20	22
572214	2021-03-28 00:00:00	2021	2021	3	21.09375	20	22
572214	2021-03-29 00:00:00	2021	2021	3	19.666666666666668	19	20
572214	2021-03-30 00:00:00	2021	2021	3	19	19	19
572214	2021-03-31 00:00:00	2021	2021	3	18.739583333333332	18	19
572214	2021-04-01 00:00:00	2021	2021	4	18.520833333333332	18	19
572214	2021-04-02 00:00:00	2021	2021	4	18.1875	18	19
572214	2021-04-03 00:00:00	2021	2021	4	18.010416666666668	18	19
572214	2021-04-04 00:00:00	2021	2021	4	17.697916666666668	17	18
572214	2021-04-05 00:00:00	2021	2021	4	18.65625	17	21
572214	2021-04-06 00:00:00	2021	2021	4	18.479166666666668	18	20
572214	2021-04-07 00:00:00	2021	2021	4	18.46875	18	19
572214	2021-04-08 00:00:00	2021	2021	4	18.125	18	19
572214	2021-04-09 00:00:00	2021	2021	4	18.90625	18	22
572214	2021-04-10 00:00:00	2021	2021	4	19.697916666666668	19	21
572214	2021-04-11 00:00:00	2021	2021	4	18.458333333333332	18	19
572214	2021-04-12 00:00:00	2021	2021	4	19.770833333333332	18	20
572214	2021-04-13 00:00:00	2021	2021	4	18.864583333333332	18	20
572214	2021-04-14 00:00:00	2021	2021	4	18.958333333333332	18	19
572214	2021-04-15 00:00:00	2021	2021	4	18.15625	18	19
572214	2021-04-16 00:00:00	2021	2021	4	19.229166666666668	19	20
572214	2021-04-17 00:00:00	2021	2021	4	19.354166666666668	19	20
572214	2021-04-18 00:00:00	2021	2021	4	19.177083333333332	19	20
572214	2021-04-19 00:00:00	2021	2021	4	19.739583333333332	19	20
572214	2021-04-20 00:00:00	2021	2021	4	19.375	19	21
572214	2021-04-21 00:00:00	2021	2021	4	19.59375	19	20
572214	2021-04-22 00:00:00	2021	2021	4	18.791666666666668	18	19
572214	2021-04-23 00:00:00	2021	2021	4	18.010416666666668	18	19
572214	2021-04-24 00:00:00	2021	2021	4	18	18	18
572214	2021-04-25 00:00:00	2021	2021	4	18	18	18
572214	2021-04-26 00:00:00	2021	2021	4	17.677083333333332	17	18
572214	2021-04-27 00:00:00	2021	2021	4	17.572916666666668	17	18
572214	2021-04-28 00:00:00	2021	2021	4	17.208333333333332	17	18
572214	2021-04-29 00:00:00	2021	2021	4	17.739583333333332	17	18
572214	2021-04-30 00:00:00	2021	2021	4	17	17	17
572214	2021-05-01 00:00:00	2021	2021	5	16.635416666666668	16	17
572214	2021-05-02 00:00:00	2021	2021	5	21.947916666666668	17	28
572214	2021-05-03 00:00:00	2021	2021	5	17.770833333333332	17	19
572214	2021-05-04 00:00:00	2021	2021	5	17.09375	17	18
572214	2021-05-05 00:00:00	2021	2021	5	17.760416666666668	17	18
572214	2021-05-06 00:00:00	2021	2021	5	17.427083333333332	17	19
572214	2021-05-07 00:00:00	2021	2021	5	18.3125	17	19
572214	2021-05-08 00:00:00	2021	2021	5	16.666666666666668	16	17
572214	2021-05-09 00:00:00	2021	2021	5	15.791666666666666	15	16
572214	2021-05-10 00:00:00	2021	2021	5	15.552083333333334	15	16
572214	2021-05-11 00:00:00	2021	2021	5	15.4375	15	18
572214	2021-05-12 00:00:00	2021	2021	5	21.416666666666668	18	26
572214	2021-05-13 00:00:00	2021	2021	5	21.197916666666668	20	23
572214	2021-05-14 00:00:00	2021	2021	5	21.177083333333332	20	22
572214	2021-05-15 00:00:00	2021	2021	5	20.583333333333332	20	23
572214	2021-05-16 00:00:00	2021	2021	5	23.53125	23	24
572214	2021-05-17 00:00:00	2021	2021	5	24.71875	24	25
572214	2021-05-18 00:00:00	2021	2021	5	24.40625	24	25
572214	2021-05-19 00:00:00	2021	2021	5	24.885416666666668	24	25
572214	2021-05-20 00:00:00	2021	2021	5	25.15625	25	26
572214	2021-05-21 00:00:00	2021	2021	5	24.53125	24	25
572214	2021-05-22 00:00:00	2021	2021	5	24.645833333333332	24	25
572214	2021-05-23 00:00:00	2021	2021	5	23.53125	23	24
572214	2021-05-24 00:00:00	2021	2021	5	22.489583333333332	22	23
572214	2021-05-25 00:00:00	2021	2021	5	22.40625	22	24
572214	2021-05-26 00:00:00	2021	2021	5	23.489583333333332	22	25
572214	2021-05-27 00:00:00	2021	2021	5	22.697916666666668	22	24
572214	2021-05-28 00:00:00	2021	2021	5	21.59375	21	22
572214	2021-05-29 00:00:00	2021	2021	5	20.875	20	22
572214	2021-05-30 00:00:00	2021	2021	5	19.75	19	21
572214	2021-05-31 00:00:00	2021	2021	5	18.677083333333332	18	19
572214	2021-06-01 00:00:00	2021	2021	6	18.354166666666668	18	19
572214	2021-06-02 00:00:00	2021	2021	6	17.635416666666668	17	18
572214	2021-06-03 00:00:00	2021	2021	6	16.71875	16	17
572214	2021-06-04 00:00:00	2021	2021	6	16.6875	16	17
572214	2021-06-05 00:00:00	2021	2021	6	24.395833333333332	17	49
572214	2021-06-06 00:00:00	2021	2021	6	26.927083333333332	24	32
572214	2021-06-07 00:00:00	2021	2021	6	27.958333333333332	27	32
572214	2021-06-08 00:00:00	2021	2021	6	27	27	27
572214	2021-06-09 00:00:00	2021	2021	6	30.333333333333332	27	38
572214	2021-06-10 00:00:00	2021	2021	6	30.270833333333332	28	32
572214	2021-06-11 00:00:00	2021	2021	6	29.708333333333332	28	30
572214	2021-06-12 00:00:00	2021	2021	6	29.020833333333332	28	30
572214	2021-06-13 00:00:00	2021	2021	6	27.572916666666668	27	28
572214	2021-06-14 00:00:00	2021	2021	6	26.166666666666668	25	27
572214	2021-06-15 00:00:00	2021	2021	6	24.916666666666668	24	26
572214	2021-06-16 00:00:00	2021	2021	6	23.59375	23	25
572214	2021-06-17 00:00:00	2021	2021	6	22.177083333333332	21	23
572214	2021-06-18 00:00:00	2021	2021	6	20.916666666666668	20	22
572214	2021-06-19 00:00:00	2021	2021	6	19.739583333333332	19	21
572214	2021-06-20 00:00:00	2021	2021	6	18.854166666666668	18	19
572214	2021-06-21 00:00:00	2021	2021	6	22.708333333333332	19	28
572214	2021-06-22 00:00:00	2021	2021	6	18.71875	18	19
572214	2021-06-23 00:00:00	2021	2021	6	18	18	18
572214	2021-06-24 00:00:00	2021	2021	6	17.875	17	18
572214	2021-06-25 00:00:00	2021	2021	6	17.75	17	20
572214	2021-06-26 00:00:00	2021	2021	6	17.84375	16	20
572214	2021-06-27 00:00:00	2021	2021	6	16.177083333333332	15	17
572214	2021-06-28 00:00:00	2021	2021	6	15.135416666666666	14	16
572214	2021-06-29 00:00:00	2021	2021	6	15.927083333333334	14	20
572214	2021-06-30 00:00:00	2021	2021	6	16.489583333333332	15	19
572214	2021-07-01 00:00:00	2021	2021	7	15	15	15
572214	2021-07-02 00:00:00	2021	2021	7	15.208333333333334	15	16
572214	2021-07-03 00:00:00	2021	2021	7	14.229166666666666	13	15
572214	2021-07-04 00:00:00	2021	2021	7	14.666666666666666	13	18
572214	2021-07-05 00:00:00	2021	2021	7	14.854166666666666	14	17
572214	2021-07-06 00:00:00	2021	2021	7	14.229166666666666	13	15
572214	2021-07-07 00:00:00	2021	2021	7	15.072916666666666	14	16
572214	2021-07-08 00:00:00	2021	2021	7	14.53125	14	16
572214	2021-07-09 00:00:00	2021	2021	7	41.739583333333336	14	66
572214	2021-07-10 00:00:00	2021	2021	7	41.59375	38	45
572214	2021-07-11 00:00:00	2021	2021	7	36.041666666666664	34	38
572214	2021-07-12 00:00:00	2021	2021	7	32.104166666666664	30	34
572214	2021-07-13 00:00:00	2021	2021	7	40.9375	28	78
572214	2021-07-14 00:00:00	2021	2021	7	72.57291666666667	64	76
572214	2021-07-15 00:00:00	2021	2021	7	67.91666666666667	65	71
572214	2021-07-16 00:00:00	2021	2021	7	63.760416666666664	62	65
572214	2021-07-17 00:00:00	2021	2021	7	60.416666666666664	52	64
572214	2021-07-18 00:00:00	2021	2021	7	47.6875	45	52
572214	2021-07-19 00:00:00	2021	2021	7	44.625	43	45
572214	2021-07-20 00:00:00	2021	2021	7	39.541666666666664	35	45
572214	2021-07-21 00:00:00	2021	2021	7	33.291666666666664	32	35
572214	2021-07-22 00:00:00	2021	2021	7	31	30	32
572214	2021-07-23 00:00:00	2021	2021	7	29.020833333333332	28	30
572214	2021-07-24 00:00:00	2021	2021	7	27.177083333333332	26	28
572214	2021-07-25 00:00:00	2021	2021	7	25.333333333333332	24	26
572214	2021-07-26 00:00:00	2021	2021	7	23.989583333333332	23	25
572214	2021-07-27 00:00:00	2021	2021	7	22.552083333333332	22	23
572214	2021-07-28 00:00:00	2021	2021	7	24.447916666666668	22	28
572214	2021-07-29 00:00:00	2021	2021	7	21.364583333333332	20	22
572214	2021-07-30 00:00:00	2021	2021	7	20.083333333333332	19	21
572214	2021-07-31 00:00:00	2021	2021	7	19.083333333333332	18	20
572214	2021-08-01 00:00:00	2021	2021	8	19.59375	18	23
572214	2021-08-02 00:00:00	2021	2021	8	21.458333333333332	20	23
572214	2021-08-03 00:00:00	2021	2021	8	20.260416666666668	19	21
572214	2021-08-04 00:00:00	2021	2021	8	18.96875	18	20
572214	2021-08-05 00:00:00	2021	2021	8	20.135416666666668	18	26
572214	2021-08-06 00:00:00	2021	2021	8	19.333333333333332	18	21
572214	2021-08-07 00:00:00	2021	2021	8	18.385416666666668	17	20
572214	2021-08-08 00:00:00	2021	2021	8	18.041666666666668	17	19
572214	2021-08-09 00:00:00	2021	2021	8	16.5625	16	17
572214	2021-08-10 00:00:00	2021	2021	8	15.770833333333334	15	16
572214	2021-08-11 00:00:00	2021	2021	8	15.572916666666666	15	16
572214	2021-08-12 00:00:00	2021	2021	8	14.625	13	16
572214	2021-08-13 00:00:00	2021	2021	8	13.802083333333334	11	15
572214	2021-08-14 00:00:00	2021	2021	8	12.6875	9	15
572214	2021-08-15 00:00:00	2021	2021	8	11.28125	6	14
572214	2021-08-16 00:00:00	2021	2021	8	12	8	16
572214	2021-08-17 00:00:00	2021	2021	8	14.989583333333334	14	17
572214	2021-08-18 00:00:00	2021	2021	8	14	14	14
572214	2021-08-19 00:00:00	2021	2021	8	13.59375	13	14
572214	2021-08-20 00:00:00	2021	2021	8	11.260416666666666	7	14
572214	2021-08-21 00:00:00	2021	2021	8	8.84375	5	12
572214	2021-08-22 00:00:00	2021	2021	8	10.40625	7	19
572214	2021-08-23 00:00:00	2021	2021	8	29.427083333333332	17	45
572214	2021-08-24 00:00:00	2021	2021	8	26.34375	25	31
572214	2021-08-25 00:00:00	2021	2021	8	24.0625	23	25
572214	2021-08-26 00:00:00	2021	2021	8	23.989583333333332	23	25
572214	2021-08-27 00:00:00	2021	2021	8	24.21875	23	26
572214	2021-08-28 00:00:00	2021	2021	8	29.572916666666668	25	38
572214	2021-08-29 00:00:00	2021	2021	8	37.854166666666664	32	46
572214	2021-08-30 00:00:00	2021	2021	8	55.28125	45	65
572214	2021-08-31 00:00:00	2021	2021	8	65.55208333333333	65	66
572214	2021-09-01 00:00:00	2021	2021	9	64.5625	63	66
572214	2021-09-02 00:00:00	2021	2021	9	58.385416666666664	51	63
572214	2021-09-03 00:00:00	2021	2021	9	47.583333333333336	45	51
572214	2021-09-04 00:00:00	2021	2021	9	42.46875	40	45
572214	2021-09-05 00:00:00	2021	2021	9	38.479166666666664	37	40
572214	2021-09-06 00:00:00	2021	2021	9	34.979166666666664	33	37
572214	2021-09-07 00:00:00	2021	2021	9	32.15625	31	33
572214	2021-09-08 00:00:00	2021	2021	9	29.760416666666668	28	31
572214	2021-09-09 00:00:00	2021	2021	9	28	28	28
572214	2021-09-10 00:00:00	2021	2021	9	26.802083333333332	26	28
572214	2021-09-11 00:00:00	2021	2021	9	25.75	25	26
572214	2021-09-12 00:00:00	2021	2021	9	24.53125	24	25
572214	2021-09-13 00:00:00	2021	2021	9	23.5	23	24
572214	2021-09-14 00:00:00	2021	2021	9	22.427083333333332	21	23
572214	2021-09-15 00:00:00	2021	2021	9	22.239583333333332	22	24
572214	2021-09-16 00:00:00	2021	2021	9	27.385416666666668	24	33
572214	2021-09-17 00:00:00	2021	2021	9	22.625	22	24
572214	2021-09-18 00:00:00	2021	2021	9	21.34375	21	22
572214	2021-09-19 00:00:00	2021	2021	9	20.5625	20	21
572214	2021-09-20 00:00:00	2021	2021	9	19.895833333333332	19	20
572214	2021-09-21 00:00:00	2021	2021	9	19.03125	19	20
572214	2021-09-22 00:00:00	2021	2021	9	18.5625	18	19
572214	2021-09-23 00:00:00	2021	2021	9	18	18	18
572214	2021-09-24 00:00:00	2021	2021	9	18	18	18
572214	2021-09-25 00:00:00	2021	2021	9	17.625	17	18
572214	2021-09-26 00:00:00	2021	2021	9	17.020833333333332	17	18
572214	2021-09-27 00:00:00	2021	2021	9	28.90625	19	40
572214	2021-09-28 00:00:00	2021	2021	9	21.427083333333332	20	23
572214	2021-09-29 00:00:00	2021	2021	9	20.78125	20	23
572214	2021-09-30 00:00:00	2021	2021	9	20.84375	20	22
572214	2021-10-01 00:00:00	2021	2021	10	19.541666666666668	19	23
572214	2021-10-02 00:00:00	2021	2021	10	19	19	19
572214	2021-10-03 00:00:00	2021	2021	10	18.739583333333332	18	19
572214	2021-10-04 00:00:00	2021	2021	10	19	19	19
572214	2021-10-05 00:00:00	2021	2021	10	23.572916666666668	19	30
572214	2021-10-06 00:00:00	2021	2021	10	20.958333333333332	20	22
572214	2021-10-07 00:00:00	2021	2021	10	19.520833333333332	19	20
572214	2021-10-08 00:00:00	2021	2021	10	19	19	19
572214	2021-10-09 00:00:00	2021	2021	10	19	19	19
572214	2021-10-10 00:00:00	2021	2021	10	19	19	19
572214	2021-10-11 00:00:00	2021	2021	10	19	19	19
572214	2021-10-12 00:00:00	2021	2021	10	19.75	19	21
572214	2021-10-13 00:00:00	2021	2021	10	19.458333333333332	19	20
572214	2021-10-14 00:00:00	2021	2021	10	19	19	19
572214	2021-10-15 00:00:00	2021	2021	10	18.583333333333332	18	19
572214	2021-10-16 00:00:00	2021	2021	10	18	18	18
572214	2021-10-17 00:00:00	2021	2021	10	17.635416666666668	17	18
572214	2021-10-18 00:00:00	2021	2021	10	17	17	17
572214	2021-10-19 00:00:00	2021	2021	10	17	17	17
572214	2021-10-20 00:00:00	2021	2021	10	16.59375	16	17
572214	2021-10-21 00:00:00	2021	2021	10	22.885416666666668	17	26
572214	2021-10-22 00:00:00	2021	2021	10	21.28125	20	24
572214	2021-10-23 00:00:00	2021	2021	10	19.427083333333332	19	20
572214	2021-10-24 00:00:00	2021	2021	10	19	19	19
572214	2021-10-25 00:00:00	2021	2021	10	19	19	19
572214	2021-10-26 00:00:00	2021	2021	10	19	19	19
572214	2021-10-27 00:00:00	2021	2021	10	19	19	19
572214	2021-10-28 00:00:00	2021	2021	10	19	19	19
572214	2021-10-29 00:00:00	2021	2021	10	18.822916666666668	18	19
572214	2021-10-30 00:00:00	2021	2021	10	18.020833333333332	18	19
572214	2021-10-31 00:00:00	2021	2021	10	18	18	18
572214	2021-11-01 00:00:00	2021	2022	11	18.197916666666668	18	19
572214	2021-11-02 00:00:00	2021	2022	11	18	18	18
572214	2021-11-03 00:00:00	2021	2022	11	17.78125	17	18
572214	2021-11-04 00:00:00	2021	2022	11	27.3125	18	37
572214	2021-11-05 00:00:00	2021	2022	11	26.666666666666668	26	28
572214	2021-11-06 00:00:00	2021	2022	11	25.020833333333332	25	26
572214	2021-11-07 00:00:00	2021	2022	11	26.114583333333332	25	27
572214	2021-11-08 00:00:00	2021	2022	11	27	27	27
572214	2021-11-09 00:00:00	2021	2022	11	26.145833333333332	26	27
572214	2021-11-10 00:00:00	2021	2022	11	25.75	25	26
572214	2021-11-11 00:00:00	2021	2022	11	24.9375	24	25
572214	2021-11-12 00:00:00	2021	2022	11	24	24	24
572214	2021-11-13 00:00:00	2021	2022	11	23.75	23	24
572214	2021-11-14 00:00:00	2021	2022	11	22.864583333333332	22	23
572214	2021-11-15 00:00:00	2021	2022	11	22	22	22
572214	2021-11-16 00:00:00	2021	2022	11	21.625	21	22
572214	2021-11-17 00:00:00	2021	2022	11	21	21	21
572214	2021-11-18 00:00:00	2021	2022	11	20.28125	20	21
572214	2021-11-19 00:00:00	2021	2022	11	20	20	20
572214	2021-11-20 00:00:00	2021	2022	11	19.0625	19	20
572214	2021-11-21 00:00:00	2021	2022	11	19.09375	19	20
572214	2021-11-22 00:00:00	2021	2022	11	20.28125	20	21
572214	2021-11-23 00:00:00	2021	2022	11	19.020833333333332	19	20
572214	2021-11-24 00:00:00	2021	2022	11	18.364583333333332	18	19
572214	2021-11-25 00:00:00	2021	2022	11	18	18	18
572214	2021-11-26 00:00:00	2021	2022	11	18	18	18
572214	2021-11-27 00:00:00	2021	2022	11	18	18	18
572214	2021-11-28 00:00:00	2021	2022	11	18	18	18
572214	2021-11-29 00:00:00	2021	2022	11	17.208333333333332	17	18
572214	2021-11-30 00:00:00	2021	2022	11	17.21875	17	18
572214	2021-12-01 00:00:00	2021	2022	12	22.166666666666668	19	28
572214	2021-12-02 00:00:00	2021	2022	12	23.677083333333332	22	27
572214	2021-12-03 00:00:00	2021	2022	12	21.197916666666668	21	22
572214	2021-12-04 00:00:00	2021	2022	12	21.3125	21	23
572214	2021-12-05 00:00:00	2021	2022	12	22.90625	22	23
572214	2021-12-06 00:00:00	2021	2022	12	22	22	22
572214	2021-12-07 00:00:00	2021	2022	12	22.34375	22	23
572214	2021-12-08 00:00:00	2021	2022	12	22.989583333333332	22	23
572214	2021-12-09 00:00:00	2021	2022	12	23	23	23
572214	2021-12-10 00:00:00	2021	2022	12	23	23	23
572214	2021-12-11 00:00:00	2021	2022	12	22.416666666666668	22	23
572214	2021-12-12 00:00:00	2021	2022	12	21.75	21	22
572214	2021-12-13 00:00:00	2021	2022	12	24.458333333333332	22	26
572214	2021-12-14 00:00:00	2021	2022	12	24.385416666666668	24	25
572214	2021-12-15 00:00:00	2021	2022	12	24	24	24
572214	2021-12-16 00:00:00	2021	2022	12	24.28125	24	25
572214	2021-12-17 00:00:00	2021	2022	12	24.927083333333332	24	25
572214	2021-12-18 00:00:00	2021	2022	12	25	25	25
572214	2021-12-19 00:00:00	2021	2022	12	25.989583333333332	25	26
572214	2021-12-20 00:00:00	2021	2022	12	25.875	25	26
572214	2021-12-21 00:00:00	2021	2022	12	25	25	25
572214	2021-12-22 00:00:00	2021	2022	12	24.239583333333332	24	25
572214	2021-12-23 00:00:00	2021	2022	12	24.552083333333332	24	25
572214	2021-12-24 00:00:00	2021	2022	12	25.875	25	26
572214	2021-12-25 00:00:00	2021	2022	12	25.052083333333332	24	26
572214	2021-12-26 00:00:00	2021	2022	12	24	24	24
572214	2021-12-27 00:00:00	2021	2022	12	24	24	24
572214	2021-12-28 00:00:00	2021	2022	12	25.197916666666668	24	28
572214	2021-12-29 00:00:00	2021	2022	12	26.697916666666668	25	28
572214	2021-12-30 00:00:00	2021	2022	12	25.3125	25	26
572214	2021-12-31 00:00:00	2021	2022	12	24.385416666666668	24	25
572214	2022-01-01 00:00:00	2022	2022	1	24.020833333333332	24	25
572214	2022-01-02 00:00:00	2022	2022	1	25	25	25
572214	2022-01-03 00:00:00	2022	2022	1	26.833333333333332	25	31
572214	2022-01-04 00:00:00	2022	2022	1	40.104166666666664	32	48
572214	2022-01-05 00:00:00	2022	2022	1	51.854166666666664	43	60
572214	2022-01-06 00:00:00	2022	2022	1	61	61	61
572214	2022-01-07 00:00:00	2022	2022	1	58.84375	56	61
572214	2022-01-08 00:00:00	2022	2022	1	52.635416666666664	49	56
572214	2022-01-09 00:00:00	2022	2022	1	47.458333333333336	45	49
572214	2022-01-10 00:00:00	2022	2022	1	42.875	41	45
572214	2022-01-11 00:00:00	2022	2022	1	39.364583333333336	38	41
572214	2022-01-12 00:00:00	2022	2022	1	36.916666666666664	36	38
572214	2022-01-13 00:00:00	2022	2022	1	35.239583333333336	35	36
572214	2022-01-14 00:00:00	2022	2022	1	33.90625	33	35
572214	2022-01-15 00:00:00	2022	2022	1	33	33	33
572214	2022-01-16 00:00:00	2022	2022	1	32.239583333333336	32	33
572214	2022-01-17 00:00:00	2022	2022	1	32.510416666666664	32	35
572214	2022-01-18 00:00:00	2022	2022	1	32.5625	32	34
572214	2022-01-19 00:00:00	2022	2022	1	32	32	32
572214	2022-01-20 00:00:00	2022	2022	1	32.072916666666664	32	33
572214	2022-01-21 00:00:00	2022	2022	1	31.208333333333332	31	32
572214	2022-01-22 00:00:00	2022	2022	1	35.21875	31	40
572214	2022-01-23 00:00:00	2022	2022	1	37.760416666666664	37	39
572214	2022-01-24 00:00:00	2022	2022	1	41.15625	39	43
572214	2022-01-25 00:00:00	2022	2022	1	44.239583333333336	43	45
572214	2022-01-26 00:00:00	2022	2022	1	45	45	45
572214	2022-01-27 00:00:00	2022	2022	1	44.479166666666664	44	45
572214	2022-01-28 00:00:00	2022	2022	1	42.53125	41	44
572214	2022-01-29 00:00:00	2022	2022	1	40.822916666666664	40	44
572214	2022-01-30 00:00:00	2022	2022	1	41.21875	39	45
572214	2022-01-31 00:00:00	2022	2022	1	38.895833333333336	38	39
572214	2022-02-01 00:00:00	2022	2022	2	37.75	37	39
572214	2022-02-02 00:00:00	2022	2022	2	38.364583333333336	37	40
572214	2022-02-03 00:00:00	2022	2022	2	36.854166666666664	36	38
572214	2022-02-04 00:00:00	2022	2022	2	38.739583333333336	38	42
572214	2022-02-05 00:00:00	2022	2022	2	41.239583333333336	40	43
572214	2022-02-06 00:00:00	2022	2022	2	49.333333333333336	42	62
572214	2022-02-07 00:00:00	2022	2022	2	60.166666666666664	59	62
572214	2022-02-08 00:00:00	2022	2022	2	62.708333333333336	62	63
572214	2022-02-09 00:00:00	2022	2022	2	62.75	62	63
572214	2022-02-10 00:00:00	2022	2022	2	61.375	61	62
572214	2022-02-11 00:00:00	2022	2022	2	60.895833333333336	59	62
572214	2022-02-12 00:00:00	2022	2022	2	56.052083333333336	54	59
572214	2022-02-13 00:00:00	2022	2022	2	51.21875	49	54
572214	2022-02-14 00:00:00	2022	2022	2	47.729166666666664	47	49
572214	2022-02-15 00:00:00	2022	2022	2	45.697916666666664	44	48
572214	2022-02-16 00:00:00	2022	2022	2	45.270833333333336	44	48
572214	2022-02-17 00:00:00	2022	2022	2	62.979166666666664	49	67
572214	2022-02-18 00:00:00	2022	2022	2	68.69791666666667	67	70
572214	2022-02-19 00:00:00	2022	2022	2	67.86458333333333	66	69
572214	2022-02-20 00:00:00	2022	2022	2	66.04166666666667	66	67
572214	2022-02-21 00:00:00	2022	2022	2	66.86458333333333	66	69
572214	2022-02-22 00:00:00	2022	2022	2	67.03125	67	68
572214	2022-02-23 00:00:00	2022	2022	2	66.80208333333333	66	68
572214	2022-02-24 00:00:00	2022	2022	2	65.42708333333333	65	66
572214	2022-02-25 00:00:00	2022	2022	2	63.5625	62	65
572214	2022-02-26 00:00:00	2022	2022	2	58.697916666666664	54	62
572214	2022-02-27 00:00:00	2022	2022	2	49.34375	47	54
572214	2022-02-28 00:00:00	2022	2022	2	45.114583333333336	44	47
572214	2022-03-01 00:00:00	2022	2022	3	42.072916666666664	41	43
572214	2022-03-02 00:00:00	2022	2022	3	39.84375	39	41
572214	2022-03-03 00:00:00	2022	2022	3	37.604166666666664	37	39
572214	2022-03-04 00:00:00	2022	2022	3	35.375	34	36
572214	2022-03-05 00:00:00	2022	2022	3	33.385416666666664	33	34
572214	2022-03-06 00:00:00	2022	2022	3	31.864583333333332	31	33
572214	2022-03-07 00:00:00	2022	2022	3	30.197916666666668	28	31
572214	2022-03-08 00:00:00	2022	2022	3	28	28	28
572214	2022-03-09 00:00:00	2022	2022	3	27.979166666666668	27	28
572214	2022-03-10 00:00:00	2022	2022	3	26.947916666666668	26	27
572214	2022-03-11 00:00:00	2022	2022	3	26	26	26
572214	2022-03-12 00:00:00	2022	2022	3	25	25	25
572214	2022-03-13 00:00:00	2022	2022	3	24.333333333333332	24	25
572214	2022-03-14 00:00:00	2022	2022	3	24	24	24
572214	2022-03-15 00:00:00	2022	2022	3	24.5625	23	31
572214	2022-03-16 00:00:00	2022	2022	3	24.822916666666668	23	28
572214	2022-03-17 00:00:00	2022	2022	3	22.84375	22	23
572214	2022-03-18 00:00:00	2022	2022	3	21.802083333333332	21	22
572214	2022-03-19 00:00:00	2022	2022	3	21	21	21
572214	2022-03-20 00:00:00	2022	2022	3	20.072916666666668	20	21
572214	2022-03-21 00:00:00	2022	2022	3	20	20	20
572214	2022-03-22 00:00:00	2022	2022	3	19.166666666666668	19	20
572214	2022-03-23 00:00:00	2022	2022	3	19	19	19
572214	2022-03-24 00:00:00	2022	2022	3	18.770833333333332	18	19
572214	2022-03-25 00:00:00	2022	2022	3	18	18	18
572214	2022-03-26 00:00:00	2022	2022	3	18	18	18
572214	2022-03-27 00:00:00	2022	2022	3	18	18	18
572214	2022-03-28 00:00:00	2022	2022	3	17.583333333333332	17	18
572214	2022-03-29 00:00:00	2022	2022	3	17.177083333333332	17	18
572214	2022-03-30 00:00:00	2022	2022	3	18.520833333333332	17	20
572214	2022-03-31 00:00:00	2022	2022	3	19.072916666666668	19	20
572214	2022-04-01 00:00:00	2022	2022	4	18.697916666666668	18	19
572214	2022-04-02 00:00:00	2022	2022	4	17.9375	17	18
572214	2022-04-03 00:00:00	2022	2022	4	17.135416666666668	16	18
572214	2022-04-04 00:00:00	2022	2022	4	17.291666666666668	17	18
572214	2022-04-05 00:00:00	2022	2022	4	20.15625	18	23
572214	2022-04-06 00:00:00	2022	2022	4	20.385416666666668	19	23
572214	2022-04-07 00:00:00	2022	2022	4	24.010416666666668	19	41
572214	2022-04-08 00:00:00	2022	2022	4	26.416666666666668	24	28
572214	2022-04-09 00:00:00	2022	2022	4	28	27	31
572214	2022-04-10 00:00:00	2022	2022	4	28.020833333333332	28	30
572214	2022-04-11 00:00:00	2022	2022	4	29.666666666666668	28	30
572214	2022-04-12 00:00:00	2022	2022	4	30	30	30
572214	2022-04-13 00:00:00	2022	2022	4	29.104166666666668	28	30
572214	2022-04-14 00:00:00	2022	2022	4	28.0625	28	30
572214	2022-04-15 00:00:00	2022	2022	4	27.739583333333332	27	28
572214	2022-04-16 00:00:00	2022	2022	4	26.614583333333332	26	27
572214	2022-04-17 00:00:00	2022	2022	4	25.583333333333332	25	26
572214	2022-04-18 00:00:00	2022	2022	4	24.916666666666668	24	25
572214	2022-04-19 00:00:00	2022	2022	4	24.4375	24	25
572214	2022-04-20 00:00:00	2022	2022	4	23.510416666666668	23	24
572214	2022-04-21 00:00:00	2022	2022	4	23	23	23
572214	2022-04-22 00:00:00	2022	2022	4	22.552083333333332	22	23
572214	2022-04-23 00:00:00	2022	2022	4	21.645833333333332	21	22
572214	2022-04-24 00:00:00	2022	2022	4	22.541666666666668	21	26
572214	2022-04-25 00:00:00	2022	2022	4	23.53125	22	25
572214	2022-04-26 00:00:00	2022	2022	4	21.364583333333332	21	23
572214	2022-04-27 00:00:00	2022	2022	4	21.15625	20	23
572214	2022-04-28 00:00:00	2022	2022	4	19.53125	19	20
572214	2022-04-29 00:00:00	2022	2022	4	18.59375	18	19
572214	2022-04-30 00:00:00	2022	2022	4	18	18	18
572214	2022-05-01 00:00:00	2022	2022	5	17.729166666666668	17	18
572214	2022-05-02 00:00:00	2022	2022	5	17.552083333333332	17	18
572214	2022-05-03 00:00:00	2022	2022	5	16.6875	16	17
572214	2022-05-04 00:00:00	2022	2022	5	17.21875	16	18
572214	2022-05-05 00:00:00	2022	2022	5	16.75	16	17
572214	2022-05-06 00:00:00	2022	2022	5	15.552083333333334	14	16
572214	2022-05-07 00:00:00	2022	2022	5	15.395833333333334	15	16
572214	2022-05-08 00:00:00	2022	2022	5	15	15	15
572214	2022-05-09 00:00:00	2022	2022	5	14.604166666666666	14	15
572214	2022-05-10 00:00:00	2022	2022	5	14.5625	14	15
572214	2022-05-11 00:00:00	2022	2022	5	14.239583333333334	13	15
572214	2022-05-12 00:00:00	2022	2022	5	13.645833333333334	13	14
572214	2022-05-13 00:00:00	2022	2022	5	13.489583333333334	12	14
572214	2022-05-14 00:00:00	2022	2022	5	12.666666666666666	12	13
572214	2022-05-15 00:00:00	2022	2022	5	12.479166666666666	11	13
572214	2022-05-16 00:00:00	2022	2022	5	13.427083333333334	12	15
572214	2022-05-17 00:00:00	2022	2022	5	13.3125	12	14
572214	2022-05-18 00:00:00	2022	2022	5	12.239583333333334	11	13
572214	2022-05-19 00:00:00	2022	2022	5	11.458333333333334	9	14
572214	2022-05-20 00:00:00	2022	2022	5	13.729166666666666	13	15
572214	2022-05-21 00:00:00	2022	2022	5	12.427083333333334	11	13
572214	2022-05-22 00:00:00	2022	2022	5	11.270833333333334	10	12
572214	2022-05-23 00:00:00	2022	2022	5	10.885416666666666	10	12
572214	2022-05-24 00:00:00	2022	2022	5	11.989583333333334	11	13
572214	2022-05-25 00:00:00	2022	2022	5	11.572916666666666	11	12
572214	2022-05-26 00:00:00	2022	2022	5	10.989583333333334	10	11
572214	2022-05-27 00:00:00	2022	2022	5	11.239583333333334	11	12
572214	2022-05-28 00:00:00	2022	2022	5	10.71875	10	11
572214	2022-05-29 00:00:00	2022	2022	5	10.791666666666666	10	13
572214	2022-05-30 00:00:00	2022	2022	5	11.677083333333334	11	13
572214	2022-05-31 00:00:00	2022	2022	5	11.03125	11	12
572214	2022-06-01 00:00:00	2022	2022	6	10.791666666666666	10	11
572214	2022-06-02 00:00:00	2022	2022	6	10.479166666666666	10	11
572214	2022-06-03 00:00:00	2022	2022	6	10.072916666666666	10	11
572214	2022-06-04 00:00:00	2022	2022	6	10.697916666666666	10	11
572214	2022-06-05 00:00:00	2022	2022	6	10.083333333333334	10	11
572214	2022-06-06 00:00:00	2022	2022	6	11.333333333333334	11	12
572214	2022-06-07 00:00:00	2022	2022	6	10.28125	9	11
572214	2022-06-08 00:00:00	2022	2022	6	9.65625	9	10
572214	2022-06-09 00:00:00	2022	2022	6	9.59375	9	10
572214	2022-06-10 00:00:00	2022	2022	6	9.28125	9	10
572214	2022-06-11 00:00:00	2022	2022	6	8.979166666666666	8	9
572214	2022-06-12 00:00:00	2022	2022	6	8.65625	8	9
572214	2022-06-13 00:00:00	2022	2022	6	8.489583333333334	8	9
572214	2022-06-14 00:00:00	2022	2022	6	8.302083333333334	8	9
572214	2022-06-15 00:00:00	2022	2022	6	7.822916666666667	7	9
572214	2022-06-16 00:00:00	2022	2022	6	7.833333333333333	7	8
572214	2022-06-17 00:00:00	2022	2022	6	7.583333333333333	7	8
572214	2022-06-18 00:00:00	2022	2022	6	7.135416666666667	6	8
572214	2022-06-19 00:00:00	2022	2022	6	6.739583333333333	6	7
572214	2022-06-20 00:00:00	2022	2022	6	7.041666666666667	7	8
572214	2022-06-21 00:00:00	2022	2022	6	7.145833333333333	6	8
572214	2022-06-22 00:00:00	2022	2022	6	6.729166666666667	6	7
572214	2022-06-23 00:00:00	2022	2022	6	6.520833333333333	6	7
572214	2022-06-24 00:00:00	2022	2022	6	6.96875	6	8
572214	2022-06-25 00:00:00	2022	2022	6	6.979166666666667	6	7
572214	2022-06-26 00:00:00	2022	2022	6	6.645833333333333	6	7
572214	2022-06-27 00:00:00	2022	2022	6	6.3125	6	7
572214	2022-06-28 00:00:00	2022	2022	6	6.46875	6	7
572214	2022-06-29 00:00:00	2022	2022	6	6.270833333333333	6	7
572214	2022-06-30 00:00:00	2022	2022	6	6.802083333333333	6	7
572214	2022-07-01 00:00:00	2022	2022	7	7.9375	6	9
572214	2022-07-02 00:00:00	2022	2022	7	7.677083333333333	7	8
572214	2022-07-03 00:00:00	2022	2022	7	6.729166666666667	6	7
572214	2022-07-04 00:00:00	2022	2022	7	6.239583333333333	6	7
572214	2022-07-05 00:00:00	2022	2022	7	6	6	6
572214	2022-07-06 00:00:00	2022	2022	7	5.864583333333333	5	6
572214	2022-07-07 00:00:00	2022	2022	7	7.71875	5	11
572214	2022-07-08 00:00:00	2022	2022	7	8.739583333333334	8	10
572214	2022-07-09 00:00:00	2022	2022	7	7.916666666666667	7	8
572214	2022-07-10 00:00:00	2022	2022	7	7	7	7
572214	2022-07-11 00:00:00	2022	2022	7	7	7	7
572214	2022-07-12 00:00:00	2022	2022	7	6.770833333333333	6	7
572214	2022-07-13 00:00:00	2022	2022	7	6.302083333333333	6	7
572214	2022-07-14 00:00:00	2022	2022	7	6.291666666666667	6	7
572214	2022-07-15 00:00:00	2022	2022	7	6	6	6
572214	2022-07-16 00:00:00	2022	2022	7	5.958333333333333	5	6
572214	2022-07-17 00:00:00	2022	2022	7	5.6875	5	6
572214	2022-07-18 00:00:00	2022	2022	7	5.354166666666667	5	6
572214	2022-07-19 00:00:00	2022	2022	7	5.25	5	6
572214	2022-07-20 00:00:00	2022	2022	7	5	5	5
572214	2022-07-21 00:00:00	2022	2022	7	5	5	5
572214	2022-07-22 00:00:00	2022	2022	7	5	5	5
572214	2022-07-23 00:00:00	2022	2022	7	5	5	5
572214	2022-07-24 00:00:00	2022	2022	7	5	5	5
572214	2022-07-25 00:00:00	2022	2022	7	5	5	5
572214	2022-07-26 00:00:00	2022	2022	7	4.864583333333333	4	5
572214	2022-07-27 00:00:00	2022	2022	7	4.96875	4	5
572214	2022-07-28 00:00:00	2022	2022	7	5	5	5
572214	2022-07-29 00:00:00	2022	2022	7	5.604166666666667	5	10
572214	2022-07-30 00:00:00	2022	2022	7	7.083333333333333	6	9
572214	2022-07-31 00:00:00	2022	2022	7	6.083333333333333	6	7
572214	2022-08-01 00:00:00	2022	2022	8	6	6	6
572214	2022-08-02 00:00:00	2022	2022	8	5.90625	5	6
572214	2022-08-03 00:00:00	2022	2022	8	5.1875	5	6
572214	2022-08-04 00:00:00	2022	2022	8	5	5	5
572214	2022-08-05 00:00:00	2022	2022	8	5.010416666666667	5	6
572214	2022-08-06 00:00:00	2022	2022	8	5	5	5
572214	2022-08-07 00:00:00	2022	2022	8	5	5	5
572214	2022-08-08 00:00:00	2022	2022	8	4.541666666666667	4	5
572214	2022-08-09 00:00:00	2022	2022	8	4.4375	4	5
572214	2022-08-10 00:00:00	2022	2022	8	4.364583333333333	4	5
572214	2022-08-11 00:00:00	2022	2022	8	4.333333333333333	4	5
572214	2022-08-12 00:00:00	2022	2022	8	4.21875	4	5
572214	2022-08-13 00:00:00	2022	2022	8	4.239583333333333	4	5
572214	2022-08-14 00:00:00	2022	2022	8	4.364583333333333	4	5
572214	2022-08-15 00:00:00	2022	2022	8	4.614583333333333	4	5
572214	2022-08-16 00:00:00	2022	2022	8	4.427083333333333	4	5
572214	2022-08-17 00:00:00	2022	2022	8	4.375	4	5
572214	2022-08-18 00:00:00	2022	2022	8	4.760416666666667	4	5
572214	2022-08-19 00:00:00	2022	2022	8	5.572916666666667	5	6
572214	2022-08-20 00:00:00	2022	2022	8	7.135416666666667	6	9
572214	2022-08-21 00:00:00	2022	2022	8	8.239583333333334	7	9
572214	2022-08-22 00:00:00	2022	2022	8	7	7	7
572214	2022-08-23 00:00:00	2022	2022	8	6.4375	6	7
572214	2022-08-24 00:00:00	2022	2022	8	6	6	6
572214	2022-08-25 00:00:00	2022	2022	8	6	6	6
572214	2022-08-26 00:00:00	2022	2022	8	6.90625	6	10
572214	2022-08-27 00:00:00	2022	2022	8	30.322916666666668	8	61
572214	2022-08-28 00:00:00	2022	2022	8	26.520833333333332	23	31
572214	2022-08-29 00:00:00	2022	2022	8	21.010416666666668	19	23
572214	2022-08-30 00:00:00	2022	2022	8	18.041666666666668	17	19
572214	2022-08-31 00:00:00	2022	2022	8	16.520833333333332	16	17
572214	2022-09-01 00:00:00	2022	2022	9	14.854166666666666	14	16
572214	2022-09-02 00:00:00	2022	2022	9	13.78125	13	14
572214	2022-09-03 00:00:00	2022	2022	9	13.135416666666666	13	14
572214	2022-09-04 00:00:00	2022	2022	9	12.84375	12	13
572214	2022-09-05 00:00:00	2022	2022	9	12.166666666666666	12	13
572214	2022-09-06 00:00:00	2022	2022	9	11.822916666666666	11	12
572214	2022-09-07 00:00:00	2022	2022	9	11.541666666666666	11	12
572214	2022-09-08 00:00:00	2022	2022	9	12	11	13
572214	2022-09-09 00:00:00	2022	2022	9	11.708333333333334	11	12
572214	2022-09-10 00:00:00	2022	2022	9	12	12	12
572214	2022-09-11 00:00:00	2022	2022	9	12.666666666666666	12	13
572214	2022-09-12 00:00:00	2022	2022	9	11.614583333333334	11	12
572214	2022-09-13 00:00:00	2022	2022	9	11.010416666666666	11	12
572214	2022-09-14 00:00:00	2022	2022	9	16.770833333333332	11	31
572214	2022-09-15 00:00:00	2022	2022	9	31.416666666666668	28	40
572214	2022-09-16 00:00:00	2022	2022	9	26.552083333333332	25	28
572214	2022-09-17 00:00:00	2022	2022	9	25.21875	24	26
572214	2022-09-18 00:00:00	2022	2022	9	24.166666666666668	23	26
572214	2022-09-19 00:00:00	2022	2022	9	25.0625	24	26
572214	2022-09-20 00:00:00	2022	2022	9	24.614583333333332	24	26
572214	2022-09-21 00:00:00	2022	2022	9	24.302083333333332	24	25
572214	2022-09-22 00:00:00	2022	2022	9	23.604166666666668	23	24
572214	2022-09-23 00:00:00	2022	2022	9	22.604166666666668	22	23
572214	2022-09-24 00:00:00	2022	2022	9	21.635416666666668	21	22
572214	2022-09-25 00:00:00	2022	2022	9	22.635416666666668	21	26
572214	2022-09-26 00:00:00	2022	2022	9	23.479166666666668	23	25
572214	2022-09-27 00:00:00	2022	2022	9	25.541666666666668	23	27
572214	2022-09-28 00:00:00	2022	2022	9	24.791666666666668	24	25
572214	2022-09-29 00:00:00	2022	2022	9	23.75	23	24
572214	2022-09-30 00:00:00	2022	2022	9	23	23	23
572214	2022-10-01 00:00:00	2022	2022	10	23.927083333333332	23	25
572214	2022-10-02 00:00:00	2022	2022	10	24.4375	24	25
572214	2022-10-03 00:00:00	2022	2022	10	23.354166666666668	23	24
572214	2022-10-04 00:00:00	2022	2022	10	22.083333333333332	22	23
572214	2022-10-05 00:00:00	2022	2022	10	21.625	21	22
572214	2022-10-06 00:00:00	2022	2022	10	20.8125	20	21
572214	2022-10-07 00:00:00	2022	2022	10	20	20	20
572214	2022-10-08 00:00:00	2022	2022	10	20	20	20
572214	2022-10-09 00:00:00	2022	2022	10	19.28125	19	20
572214	2022-10-10 00:00:00	2022	2022	10	19	19	19
572214	2022-10-11 00:00:00	2022	2022	10	18.541666666666668	18	19
572214	2022-10-12 00:00:00	2022	2022	10	18	18	18
572214	2022-10-13 00:00:00	2022	2022	10	17.697916666666668	17	18
572214	2022-10-14 00:00:00	2022	2022	10	17	17	17
572214	2022-10-15 00:00:00	2022	2022	10	17.395833333333332	17	18
572214	2022-10-16 00:00:00	2022	2022	10	18.260416666666668	18	19
572214	2022-10-17 00:00:00	2022	2022	10	17.46875	17	18
572214	2022-10-18 00:00:00	2022	2022	10	17	17	17
572214	2022-10-19 00:00:00	2022	2022	10	17	17	17
572214	2022-10-20 00:00:00	2022	2022	10	17	17	17
572214	2022-10-21 00:00:00	2022	2022	10	15.895833333333334	15	17
572214	2022-10-22 00:00:00	2022	2022	10	16.895833333333332	15	19
572214	2022-10-23 00:00:00	2022	2022	10	15.864583333333334	15	17
572214	2022-10-24 00:00:00	2022	2022	10	15.21875	15	16
572214	2022-10-25 00:00:00	2022	2022	10	15	15	15
572214	2022-10-26 00:00:00	2022	2022	10	14.25	14	15
572214	2022-10-27 00:00:00	2022	2022	10	14	14	14
572214	2022-10-28 00:00:00	2022	2022	10	14	14	14
572214	2022-10-29 00:00:00	2022	2022	10	13.635416666666666	13	14
572214	2022-10-30 00:00:00	2022	2022	10	13.010416666666666	13	14
572214	2022-10-31 00:00:00	2022	2022	10	13	13	13
572214	2022-11-01 00:00:00	2022	2023	11	13	13	13
572214	2022-11-02 00:00:00	2022	2023	11	12.979166666666666	12	13
572214	2022-11-03 00:00:00	2022	2023	11	12.729166666666666	12	13
572214	2022-11-04 00:00:00	2022	2023	11	13	13	13
572214	2022-11-05 00:00:00	2022	2023	11	13	13	13
572214	2022-11-06 00:00:00	2022	2023	11	13	13	13
572214	2022-11-07 00:00:00	2022	2023	11	13	13	13
572214	2022-11-08 00:00:00	2022	2023	11	12.666666666666666	12	13
572214	2022-11-09 00:00:00	2022	2023	11	12.927083333333334	12	13
572214	2022-11-10 00:00:00	2022	2023	11	12.541666666666666	12	13
572214	2022-11-11 00:00:00	2022	2023	11	12	12	12
572214	2022-11-12 00:00:00	2022	2023	11	11.5625	11	12
572214	2022-11-13 00:00:00	2022	2023	11	11	11	11
572214	2022-11-14 00:00:00	2022	2023	11	11.322916666666666	11	12
572214	2022-11-15 00:00:00	2022	2023	11	11.927083333333334	11	12
572214	2022-11-16 00:00:00	2022	2023	11	12.25	12	13
572214	2022-11-17 00:00:00	2022	2023	11	13.229166666666666	12	15
572214	2022-11-18 00:00:00	2022	2023	11	14.270833333333334	14	15
572214	2022-11-19 00:00:00	2022	2023	11	13.0625	12	14
572214	2022-11-20 00:00:00	2022	2023	11	12.083333333333334	12	13
572214	2022-11-21 00:00:00	2022	2023	11	14.791666666666666	13	16
572214	2022-11-22 00:00:00	2022	2023	11	15	15	15
572214	2022-11-23 00:00:00	2022	2023	11	14.104166666666666	14	15
572214	2022-11-24 00:00:00	2022	2023	11	14.395833333333334	14	15
572214	2022-11-25 00:00:00	2022	2023	11	14	14	14
572214	2022-11-26 00:00:00	2022	2023	11	14.75	14	15
572214	2022-11-27 00:00:00	2022	2023	11	14.145833333333334	14	15
572214	2022-11-28 00:00:00	2022	2023	11	14.375	14	15
572214	2022-11-29 00:00:00	2022	2023	11	14.8125	14	15
572214	2022-11-30 00:00:00	2022	2023	11	14.541666666666666	14	15
572214	2022-12-01 00:00:00	2022	2023	12	14	14	14
572214	2022-12-02 00:00:00	2022	2023	12	14.84375	14	15
572214	2022-12-03 00:00:00	2022	2023	12	15	15	15
572214	2022-12-04 00:00:00	2022	2023	12	15	15	15
572214	2022-12-05 00:00:00	2022	2023	12	15.5	15	16
572214	2022-12-06 00:00:00	2022	2023	12	16.479166666666668	16	17
572214	2022-12-07 00:00:00	2022	2023	12	16	16	16
572214	2022-12-08 00:00:00	2022	2023	12	16	16	16
572214	2022-12-09 00:00:00	2022	2023	12	16	16	16
572214	2022-12-10 00:00:00	2022	2023	12	16	16	16
572214	2022-12-11 00:00:00	2022	2023	12	15.5625	15	16
572214	2022-12-12 00:00:00	2022	2023	12	15.03125	13	18
572214	2022-12-13 00:00:00	2022	2023	12	21.354166666666668	13	30
572214	2022-12-14 00:00:00	2022	2023	12	18.760416666666668	14	27
572214	2022-12-15 00:00:00	2022	2023	12	14.0625	13	15
572214	2022-12-16 00:00:00	2022	2023	12	15.03125	14	22
572214	2022-12-17 00:00:00	2022	2023	12	23.479166666666668	14	28
572214	2022-12-18 00:00:00	2022	2023	12	34.197916666666664	30	38
572214	2022-12-19 00:00:00	2022	2023	12	15.322916666666666	13	37
572214	2022-12-20 00:00:00	2022	2023	12	15.59375	14	20
572214	2022-12-21 00:00:00	2022	2023	12	21.708333333333332	20	23
572214	2022-12-22 00:00:00	2022	2023	12	28.260416666666668	23	34
572214	2022-12-23 00:00:00	2022	2023	12	32.520833333333336	30	37
572214	2022-12-24 00:00:00	2022	2023	12	36.84375	36	37
572214	2022-12-25 00:00:00	2022	2023	12	37	37	37
572214	2022-12-26 00:00:00	2022	2023	12	37.916666666666664	36	41
572214	2022-12-27 00:00:00	2022	2023	12	38.09375	37	41
572214	2022-12-28 00:00:00	2022	2023	12	37.78125	37	38
572214	2022-12-29 00:00:00	2022	2023	12	37.84375	37	38
572214	2022-12-30 00:00:00	2022	2023	12	35.791666666666664	35	37
572214	2022-12-31 00:00:00	2022	2023	12	35.270833333333336	34	36
572214	2023-01-01 00:00:00	2023	2023	1	32.166666666666664	31	34
572214	2023-01-02 00:00:00	2023	2023	1	30.5	30	31
572214	2023-01-03 00:00:00	2023	2023	1	28.708333333333332	28	30
572214	2023-01-04 00:00:00	2023	2023	1	28.208333333333332	28	30
572214	2023-01-05 00:00:00	2023	2023	1	28.958333333333332	28	30
572214	2023-01-06 00:00:00	2023	2023	1	27.958333333333332	27	28
572214	2023-01-07 00:00:00	2023	2023	1	27	27	27
572214	2023-01-08 00:00:00	2023	2023	1	27	27	27
572214	2023-01-09 00:00:00	2023	2023	1	28.916666666666668	27	31
572214	2023-01-10 00:00:00	2023	2023	1	27.260416666666668	26	29
572214	2023-01-11 00:00:00	2023	2023	1	26.5625	26	28
572214	2023-01-12 00:00:00	2023	2023	1	28.46875	27	31
572214	2023-01-13 00:00:00	2023	2023	1	32.729166666666664	31	34
572214	2023-01-14 00:00:00	2023	2023	1	36.020833333333336	34	43
572214	2023-01-15 00:00:00	2023	2023	1	48.770833333333336	43	56
572214	2023-01-16 00:00:00	2023	2023	1	61.09375	56	63
572214	2023-01-17 00:00:00	2023	2023	1	59.90625	55	63
572214	2023-01-18 00:00:00	2023	2023	1	50.333333333333336	47	55
572214	2023-01-19 00:00:00	2023	2023	1	44.395833333333336	42	47
572214	2023-01-20 00:00:00	2023	2023	1	40.458333333333336	39	42
572214	2023-01-21 00:00:00	2023	2023	1	37.0625	36	39
572214	2023-01-22 00:00:00	2023	2023	1	34.885416666666664	34	36
572214	2023-01-23 00:00:00	2023	2023	1	32.541666666666664	32	34
572214	2023-01-24 00:00:00	2023	2023	1	30.645833333333332	30	32
572214	2023-01-25 00:00:00	2023	2023	1	28.5625	28	30
572214	2023-01-26 00:00:00	2023	2023	1	28	28	28
572214	2023-01-27 00:00:00	2023	2023	1	27.4375	27	28
572214	2023-01-28 00:00:00	2023	2023	1	26.395833333333332	26	27
572214	2023-01-29 00:00:00	2023	2023	1	25.083333333333332	25	26
572214	2023-01-30 00:00:00	2023	2023	1	25	25	25
572214	2023-01-31 00:00:00	2023	2023	1	24.09375	24	25
572214	2023-02-01 00:00:00	2023	2023	2	24.239583333333332	24	25
572214	2023-02-02 00:00:00	2023	2023	2	24.28125	24	25
572214	2023-02-03 00:00:00	2023	2023	2	30.291666666666668	24	39
572214	2023-02-04 00:00:00	2023	2023	2	38.979166666666664	38	39
572214	2023-02-05 00:00:00	2023	2023	2	39	39	39
572214	2023-02-06 00:00:00	2023	2023	2	38.270833333333336	38	39
572214	2023-02-07 00:00:00	2023	2023	2	36.895833333333336	36	38
572214	2023-02-08 00:00:00	2023	2023	2	35.21875	35	36
572214	2023-02-09 00:00:00	2023	2023	2	34	33	35
572214	2023-02-10 00:00:00	2023	2023	2	32.46875	32	33
572214	2023-02-11 00:00:00	2023	2023	2	31.354166666666668	31	32
572214	2023-02-12 00:00:00	2023	2023	2	32.197916666666664	31	33
572214	2023-02-13 00:00:00	2023	2023	2	31.21875	31	32
572214	2023-02-14 00:00:00	2023	2023	2	31.291666666666668	31	32
572214	2023-02-15 00:00:00	2023	2023	2	32.854166666666664	32	34
572214	2023-02-16 00:00:00	2023	2023	2	35.520833333333336	34	37
572214	2023-02-17 00:00:00	2023	2023	2	40.822916666666664	37	46
572214	2023-02-18 00:00:00	2023	2023	2	50.15625	46	59
572214	2023-02-19 00:00:00	2023	2023	2	61.885416666666664	59	63
572214	2023-02-20 00:00:00	2023	2023	2	61.3125	61	62
572214	2023-02-21 00:00:00	2023	2023	2	57.53125	53	60
572214	2023-02-22 00:00:00	2023	2023	2	50.395833333333336	48	53
572214	2023-02-23 00:00:00	2023	2023	2	46.635416666666664	45	48
572214	2023-02-24 00:00:00	2023	2023	2	43.697916666666664	42	45
572214	2023-02-25 00:00:00	2023	2023	2	41.104166666666664	39	42
572214	2023-02-26 00:00:00	2023	2023	2	37.520833333333336	36	39
572214	2023-02-27 00:00:00	2023	2023	2	34.4375	33	36
572214	2023-02-28 00:00:00	2023	2023	2	32.447916666666664	32	33
572214	2023-03-01 00:00:00	2023	2023	3	31.125	31	32
572214	2023-03-02 00:00:00	2023	2023	3	30.09375	30	31
572214	2023-03-03 00:00:00	2023	2023	3	28.395833333333332	28	30
572214	2023-03-04 00:00:00	2023	2023	3	28	28	28
572214	2023-03-05 00:00:00	2023	2023	3	27.354166666666668	27	28
572214	2023-03-06 00:00:00	2023	2023	3	27	27	27
572214	2023-03-07 00:00:00	2023	2023	3	27	27	27
572214	2023-03-08 00:00:00	2023	2023	3	27.104166666666668	26	28
572214	2023-03-09 00:00:00	2023	2023	3	36.447916666666664	28	43
572214	2023-03-10 00:00:00	2023	2023	3	45.541666666666664	41	57
572214	2023-03-11 00:00:00	2023	2023	3	60.197916666666664	57	63
572214	2023-03-12 00:00:00	2023	2023	3	63.25	63	64
572214	2023-03-13 00:00:00	2023	2023	3	63.34375	62	68
572214	2023-03-14 00:00:00	2023	2023	3	65.98958333333333	65	68
572214	2023-03-15 00:00:00	2023	2023	3	66.71875	66	67
572214	2023-03-16 00:00:00	2023	2023	3	66.1875	65	67
572214	2023-03-17 00:00:00	2023	2023	3	63.822916666666664	62	65
572214	2023-03-18 00:00:00	2023	2023	3	58.229166666666664	52	62
572214	2023-03-19 00:00:00	2023	2023	3	51.708333333333336	48	60
572214	2023-03-20 00:00:00	2023	2023	3	45.645833333333336	43	48
572214	2023-03-21 00:00:00	2023	2023	3	41.90625	41	43
572214	2023-03-22 00:00:00	2023	2023	3	39.239583333333336	38	40
572214	2023-03-23 00:00:00	2023	2023	3	37.520833333333336	36	38
572214	2023-03-24 00:00:00	2023	2023	3	36.958333333333336	36	39
572214	2023-03-25 00:00:00	2023	2023	3	36.4375	36	37
572214	2023-03-26 00:00:00	2023	2023	3	36.385416666666664	35	41
572214	2023-03-27 00:00:00	2023	2023	3	42.458333333333336	41	46
572214	2023-03-28 00:00:00	2023	2023	3	43.708333333333336	42	46
572214	2023-03-29 00:00:00	2023	2023	3	46.09375	46	47
572214	2023-03-30 00:00:00	2023	2023	3	47.010416666666664	46	50
572214	2023-03-31 00:00:00	2023	2023	3	47.145833333333336	45	49
572214	2023-04-01 00:00:00	2023	2023	4	47.59375	47	49
572214	2023-04-02 00:00:00	2023	2023	4	58.822916666666664	48	63
572214	2023-04-03 00:00:00	2023	2023	4	64.55208333333333	63	65
572214	2023-04-04 00:00:00	2023	2023	4	64.35416666666667	63	65
572214	2023-04-05 00:00:00	2023	2023	4	61.333333333333336	57	63
572214	2023-04-06 00:00:00	2023	2023	4	52.114583333333336	49	57
572214	2023-04-07 00:00:00	2023	2023	4	46.3125	44	49
572214	2023-04-08 00:00:00	2023	2023	4	42.395833333333336	41	44
572214	2023-04-09 00:00:00	2023	2023	4	38.833333333333336	37	41
572214	2023-04-10 00:00:00	2023	2023	4	35.96875	35	37
572214	2023-04-11 00:00:00	2023	2023	4	35.104166666666664	34	36
572214	2023-04-12 00:00:00	2023	2023	4	33.572916666666664	33	35
572214	2023-04-13 00:00:00	2023	2023	4	32.0625	30	34
572214	2023-04-14 00:00:00	2023	2023	4	29.90625	28	31
572214	2023-04-15 00:00:00	2023	2023	4	33.760416666666664	30	41
572214	2023-04-16 00:00:00	2023	2023	4	50.916666666666664	41	63
572214	2023-04-17 00:00:00	2023	2023	4	66.8125	63	69
572214	2023-04-18 00:00:00	2023	2023	4	64	37	70
572214	2023-04-19 00:00:00	2023	2023	4	66.44791666666667	65	68
572214	2023-04-20 00:00:00	2023	2023	4	63.916666666666664	62	65
572214	2023-04-21 00:00:00	2023	2023	4	59	54	62
572214	2023-04-22 00:00:00	2023	2023	4	49.822916666666664	47	54
572214	2023-04-23 00:00:00	2023	2023	4	45.59375	44	47
572214	2023-04-24 00:00:00	2023	2023	4	42.739583333333336	41	45
572214	2023-04-25 00:00:00	2023	2023	4	39.447916666666664	38	41
572214	2023-04-26 00:00:00	2023	2023	4	36	35	38
572214	2023-04-27 00:00:00	2023	2023	4	33.791666666666664	33	35
572214	2023-04-28 00:00:00	2023	2023	4	32.96875	32	34
572214	2023-04-29 00:00:00	2023	2023	4	31.989583333333332	31	33
572214	2023-04-30 00:00:00	2023	2023	4	29.114583333333332	28	31
572214	2023-05-01 00:00:00	2023	2023	5	28	28	28
572214	2023-05-02 00:00:00	2023	2023	5	27.635416666666668	27	28
572214	2023-05-03 00:00:00	2023	2023	5	25.822916666666668	25	27
572214	2023-05-04 00:00:00	2023	2023	5	24.552083333333332	24	25
572214	2023-05-05 00:00:00	2023	2023	5	23.65625	23	24
572214	2023-05-06 00:00:00	2023	2023	5	23.28125	23	24
572214	2023-05-07 00:00:00	2023	2023	5	22.052083333333332	22	23
572214	2023-05-08 00:00:00	2023	2023	5	21.125	21	22
572214	2023-05-09 00:00:00	2023	2023	5	20.135416666666668	20	21
572214	2023-05-10 00:00:00	2023	2023	5	20.0625	20	21
572214	2023-05-11 00:00:00	2023	2023	5	21.177083333333332	21	22
572214	2023-05-12 00:00:00	2023	2023	5	19.833333333333332	19	21
572214	2023-05-13 00:00:00	2023	2023	5	18.5	17	20
572214	2023-05-14 00:00:00	2023	2023	5	17.510416666666668	15	19
572214	2023-05-15 00:00:00	2023	2023	5	17.75	17	18
572214	2023-05-16 00:00:00	2023	2023	5	16.40625	14	17
572214	2023-05-17 00:00:00	2023	2023	5	13.333333333333334	11	15
572214	2023-05-18 00:00:00	2023	2023	5	9.041666666666666	5	13
572214	2023-05-19 00:00:00	2023	2023	5	5.854166666666667	4	8
572214	2023-05-20 00:00:00	2023	2023	5	5.21875	4	6
572214	2023-05-21 00:00:00	2023	2023	5	4.625	3	6
572214	2023-05-22 00:00:00	2023	2023	5	11.583333333333334	3	20
572214	2023-05-23 00:00:00	2023	2023	5	15	15	15
572214	2023-05-24 00:00:00	2023	2023	5	14.666666666666666	14	15
572214	2023-05-25 00:00:00	2023	2023	5	14	14	14
572214	2023-05-26 00:00:00	2023	2023	5	13.75	13	14
572214	2023-05-27 00:00:00	2023	2023	5	13.583333333333334	13	14
572214	2023-05-28 00:00:00	2023	2023	5	13.125	13	14
572214	2023-05-29 00:00:00	2023	2023	5	12.854166666666666	12	13
572214	2023-05-30 00:00:00	2023	2023	5	12.635416666666666	12	13
572214	2023-05-31 00:00:00	2023	2023	5	12.364583333333334	12	13
572214	2023-06-01 00:00:00	2023	2023	6	12.03125	12	13
572214	2023-06-02 00:00:00	2023	2023	6	12	12	12
572214	2023-06-03 00:00:00	2023	2023	6	11.6875	11	12
572214	2023-06-04 00:00:00	2023	2023	6	11.322916666666666	11	12
572214	2023-06-05 00:00:00	2023	2023	6	11.03125	11	12
572214	2023-06-06 00:00:00	2023	2023	6	11.125	11	12
572214	2023-06-07 00:00:00	2023	2023	6	11.71875	11	12
572214	2023-06-08 00:00:00	2023	2023	6	11.197916666666666	11	12
572214	2023-06-09 00:00:00	2023	2023	6	10.71875	10	11
572214	2023-06-10 00:00:00	2023	2023	6	10.59375	10	11
572214	2023-06-11 00:00:00	2023	2023	6	10.40625	9	11
572214	2023-06-12 00:00:00	2023	2023	6	9.697916666666666	9	10
572214	2023-06-13 00:00:00	2023	2023	6	9.625	9	10
572214	2023-06-14 00:00:00	2023	2023	6	9.416666666666666	9	10
572214	2023-06-15 00:00:00	2023	2023	6	9.322916666666666	9	10
572214	2023-06-16 00:00:00	2023	2023	6	9.135416666666666	9	10
572214	2023-06-17 00:00:00	2023	2023	6	9.708333333333334	9	10
572214	2023-06-18 00:00:00	2023	2023	6	9.229166666666666	9	10
572214	2023-06-19 00:00:00	2023	2023	6	8.875	8	9
572214	2023-06-20 00:00:00	2023	2023	6	10.104166666666666	9	12
572214	2023-06-21 00:00:00	2023	2023	6	10.197916666666666	10	11
572214	2023-06-22 00:00:00	2023	2023	6	9.677083333333334	9	14
572214	2023-06-23 00:00:00	2023	2023	6	17.0625	13	22
572214	2023-06-24 00:00:00	2023	2023	6	15.541666666666666	13	20
572214	2023-06-25 00:00:00	2023	2023	6	12.4375	11	13
572214	2023-06-26 00:00:00	2023	2023	6	11.53125	11	12
572214	2023-06-27 00:00:00	2023	2023	6	11.114583333333334	11	12
572214	2023-06-28 00:00:00	2023	2023	6	11.666666666666666	11	12
572214	2023-06-29 00:00:00	2023	2023	6	11.114583333333334	11	12
572214	2023-06-30 00:00:00	2023	2023	6	11	11	11
572214	2023-07-01 00:00:00	2023	2023	7	11.020833333333334	11	12
