#MESSTELLEN_NR	ZEIT	JAHR	HJAHR	MONAT	W	W_MIN	W_MAX
574710	1990-11-01 00:00:00	1990	1991	11	3	3	3
574710	1990-11-02 00:00:00	1990	1991	11	3	3	3
574710	1990-11-03 00:00:00	1990	1991	11	3	3	3
574710	1990-11-04 00:00:00	1990	1991	11	7	7	7
574710	1990-11-05 00:00:00	1990	1991	11	8	8	8
574710	1990-11-06 00:00:00	1990	1991	11	8	8	8
574710	1990-11-07 00:00:00	1990	1991	11	8	8	8
574710	1990-11-08 00:00:00	1990	1991	11	8	8	8
574710	1990-11-09 00:00:00	1990	1991	11	8	8	8
574710	1990-11-10 00:00:00	1990	1991	11	7	7	7
574710	1990-11-11 00:00:00	1990	1991	11	7	7	7
574710	1990-11-12 00:00:00	1990	1991	11	7	7	7
574710	1990-11-13 00:00:00	1990	1991	11	7	7	7
574710	1990-11-14 00:00:00	1990	1991	11	7	7	7
574710	1990-11-15 00:00:00	1990	1991	11	8	8	8
574710	1990-11-16 00:00:00	1990	1991	11	10	10	10
574710	1990-11-17 00:00:00	1990	1991	11	12	12	12
574710	1990-11-18 00:00:00	1990	1991	11	13	13	13
574710	1990-11-19 00:00:00	1990	1991	11	13	13	13
574710	1990-11-20 00:00:00	1990	1991	11	14	14	14
574710	1990-11-21 00:00:00	1990	1991	11	17	17	17
574710	1990-11-22 00:00:00	1990	1991	11	21	21	21
574710	1990-11-23 00:00:00	1990	1991	11	17	17	17
574710	1990-11-24 00:00:00	1990	1991	11	15	15	15
574710	1990-11-25 00:00:00	1990	1991	11	13	13	13
574710	1990-11-26 00:00:00	1990	1991	11	11	11	11
574710	1990-11-27 00:00:00	1990	1991	11	9	9	9
574710	1990-11-28 00:00:00	1990	1991	11	9	9	9
574710	1990-11-29 00:00:00	1990	1991	11	8	8	8
574710	1990-11-30 00:00:00	1990	1991	11	8	8	8
574710	1990-12-01 00:00:00	1990	1991	12	7	7	7
574710	1990-12-02 00:00:00	1990	1991	12	7	7	7
574710	1990-12-03 00:00:00	1990	1991	12	7	7	7
574710	1990-12-04 00:00:00	1990	1991	12	7	7	7
574710	1990-12-05 00:00:00	1990	1991	12	7	7	7
574710	1990-12-06 00:00:00	1990	1991	12	7	7	7
574710	1990-12-07 00:00:00	1990	1991	12	7	7	7
574710	1990-12-08 00:00:00	1990	1991	12	7	7	7
574710	1990-12-09 00:00:00	1990	1991	12	6	6	6
574710	1990-12-10 00:00:00	1990	1991	12	6	6	6
574710	1990-12-11 00:00:00	1990	1991	12	6	6	6
574710	1990-12-12 00:00:00	1990	1991	12	5	5	5
574710	1990-12-13 00:00:00	1990	1991	12	5	5	5
574710	1990-12-14 00:00:00	1990	1991	12	5	5	5
574710	1990-12-15 00:00:00	1990	1991	12	4	4	4
574710	1990-12-16 00:00:00	1990	1991	12	4	4	4
574710	1990-12-17 00:00:00	1990	1991	12	4	4	4
574710	1990-12-18 00:00:00	1990	1991	12	4	4	4
574710	1990-12-19 00:00:00	1990	1991	12	4	4	4
574710	1990-12-20 00:00:00	1990	1991	12	4	4	4
574710	1990-12-21 00:00:00	1990	1991	12	5	5	5
574710	1990-12-22 00:00:00	1990	1991	12	5	5	5
574710	1990-12-23 00:00:00	1990	1991	12	5	5	5
574710	1990-12-24 00:00:00	1990	1991	12	6	6	6
574710	1990-12-25 00:00:00	1990	1991	12	6	6	6
574710	1990-12-26 00:00:00	1990	1991	12	6	6	6
574710	1990-12-27 00:00:00	1990	1991	12	7	7	7
574710	1990-12-28 00:00:00	1990	1991	12	7	7	7
574710	1990-12-29 00:00:00	1990	1991	12	7	7	7
574710	1990-12-30 00:00:00	1990	1991	12	11	11	11
574710	1990-12-31 00:00:00	1990	1991	12	14	14	14
574710	1991-01-01 00:00:00	1991	1991	1	15	15	15
574710	1991-01-02 00:00:00	1991	1991	1	16	16	16
574710	1991-01-03 00:00:00	1991	1991	1	30	30	30
574710	1991-01-04 00:00:00	1991	1991	1	42	42	42
574710	1991-01-05 00:00:00	1991	1991	1	34	34	34
574710	1991-01-06 00:00:00	1991	1991	1	23	23	23
574710	1991-01-07 00:00:00	1991	1991	1	20	20	20
574710	1991-01-08 00:00:00	1991	1991	1	18	18	18
574710	1991-01-09 00:00:00	1991	1991	1	15	15	15
574710	1991-01-10 00:00:00	1991	1991	1	15	15	15
574710	1991-01-11 00:00:00	1991	1991	1	15	15	15
574710	1991-01-12 00:00:00	1991	1991	1	17	17	17
574710	1991-01-13 00:00:00	1991	1991	1	17	17	17
574710	1991-01-14 00:00:00	1991	1991	1	18	18	18
574710	1991-01-15 00:00:00	1991	1991	1	18	18	18
574710	1991-01-16 00:00:00	1991	1991	1	17	17	17
574710	1991-01-17 00:00:00	1991	1991	1	16	16	16
574710	1991-01-18 00:00:00	1991	1991	1	16	16	16
574710	1991-01-19 00:00:00	1991	1991	1	16	16	16
574710	1991-01-20 00:00:00	1991	1991	1	16	16	16
574710	1991-01-21 00:00:00	1991	1991	1	16	16	16
574710	1991-01-22 00:00:00	1991	1991	1	15	15	15
574710	1991-01-23 00:00:00	1991	1991	1	14	14	14
574710	1991-01-24 00:00:00	1991	1991	1	13	13	13
574710	1991-01-25 00:00:00	1991	1991	1	7	7	7
574710	1991-01-26 00:00:00	1991	1991	1	6	6	6
574710	1991-01-27 00:00:00	1991	1991	1	6	6	6
574710	1991-01-28 00:00:00	1991	1991	1	6	6	6
574710	1991-01-29 00:00:00	1991	1991	1	6	6	6
574710	1991-01-30 00:00:00	1991	1991	1	6	6	6
574710	1991-01-31 00:00:00	1991	1991	1	6	6	6
574710	1991-02-01 00:00:00	1991	1991	2	5	5	5
574710	1991-02-02 00:00:00	1991	1991	2	5	5	5
574710	1991-02-03 00:00:00	1991	1991	2	5	5	5
574710	1991-02-04 00:00:00	1991	1991	2	5	5	5
574710	1991-02-05 00:00:00	1991	1991	2	5	5	5
574710	1991-02-06 00:00:00	1991	1991	2	5	5	5
574710	1991-02-07 00:00:00	1991	1991	2	4	4	4
574710	1991-02-08 00:00:00	1991	1991	2	4	4	4
574710	1991-02-09 00:00:00	1991	1991	2	4	4	4
574710	1991-02-10 00:00:00	1991	1991	2	4	4	4
574710	1991-02-11 00:00:00	1991	1991	2	4	4	4
574710	1991-02-12 00:00:00	1991	1991	2	4	4	4
574710	1991-02-13 00:00:00	1991	1991	2	4	4	4
574710	1991-02-14 00:00:00	1991	1991	2	4	4	4
574710	1991-02-15 00:00:00	1991	1991	2	3	3	3
574710	1991-02-16 00:00:00	1991	1991	2	3	3	3
574710	1991-02-17 00:00:00	1991	1991	2	3	3	3
574710	1991-02-18 00:00:00	1991	1991	2	3	3	3
574710	1991-02-19 00:00:00	1991	1991	2	3	3	3
574710	1991-02-20 00:00:00	1991	1991	2	3	3	3
574710	1991-02-21 00:00:00	1991	1991	2	3	3	3
574710	1991-02-22 00:00:00	1991	1991	2	4	4	4
574710	1991-02-23 00:00:00	1991	1991	2	4	4	4
574710	1991-02-24 00:00:00	1991	1991	2	5	5	5
574710	1991-02-25 00:00:00	1991	1991	2	6	6	6
574710	1991-02-26 00:00:00	1991	1991	2	5	5	5
574710	1991-02-27 00:00:00	1991	1991	2	5	5	5
574710	1991-02-28 00:00:00	1991	1991	2	5	5	5
574710	1991-03-01 00:00:00	1991	1991	3	4	4	4
574710	1991-03-02 00:00:00	1991	1991	3	4	4	4
574710	1991-03-03 00:00:00	1991	1991	3	4	4	4
574710	1991-03-04 00:00:00	1991	1991	3	4	4	4
574710	1991-03-05 00:00:00	1991	1991	3	4	4	4
574710	1991-03-06 00:00:00	1991	1991	3	4	4	4
574710	1991-03-07 00:00:00	1991	1991	3	5	5	5
574710	1991-03-08 00:00:00	1991	1991	3	5	5	5
574710	1991-03-09 00:00:00	1991	1991	3	5	5	5
574710	1991-03-10 00:00:00	1991	1991	3	6	6	6
574710	1991-03-11 00:00:00	1991	1991	3	6	6	6
574710	1991-03-12 00:00:00	1991	1991	3	6	6	6
574710	1991-03-13 00:00:00	1991	1991	3	6	6	6
574710	1991-03-14 00:00:00	1991	1991	3	6	6	6
574710	1991-03-15 00:00:00	1991	1991	3	5	5	5
574710	1991-03-16 00:00:00	1991	1991	3	5	5	5
574710	1991-03-17 00:00:00	1991	1991	3	5	5	5
574710	1991-03-18 00:00:00	1991	1991	3	5	5	5
574710	1991-03-19 00:00:00	1991	1991	3	5	5	5
574710	1991-03-20 00:00:00	1991	1991	3	7	7	7
574710	1991-03-21 00:00:00	1991	1991	3	7	7	7
574710	1991-03-22 00:00:00	1991	1991	3	9	9	9
574710	1991-03-23 00:00:00	1991	1991	3	10	10	10
574710	1991-03-24 00:00:00	1991	1991	3	12	12	12
574710	1991-03-25 00:00:00	1991	1991	3	12	12	12
574710	1991-03-26 00:00:00	1991	1991	3	11	11	11
574710	1991-03-27 00:00:00	1991	1991	3	9	9	9
574710	1991-03-28 00:00:00	1991	1991	3	8	8	8
574710	1991-03-29 00:00:00	1991	1991	3	8	8	8
574710	1991-03-30 00:00:00	1991	1991	3	7	7	7
574710	1991-03-31 00:00:00	1991	1991	3	7	7	7
574710	1991-04-01 00:00:00	1991	1991	4	6	6	6
574710	1991-04-02 00:00:00	1991	1991	4	6	6	6
574710	1991-04-03 00:00:00	1991	1991	4	6	6	6
574710	1991-04-04 00:00:00	1991	1991	4	5	5	5
574710	1991-04-05 00:00:00	1991	1991	4	5	5	5
574710	1991-04-06 00:00:00	1991	1991	4	5	5	5
574710	1991-04-07 00:00:00	1991	1991	4	5	5	5
574710	1991-04-08 00:00:00	1991	1991	4	5	5	5
574710	1991-04-09 00:00:00	1991	1991	4	5	5	5
574710	1991-04-10 00:00:00	1991	1991	4	5	5	5
574710	1991-04-11 00:00:00	1991	1991	4	5	5	5
574710	1991-04-12 00:00:00	1991	1991	4	5	5	5
574710	1991-04-13 00:00:00	1991	1991	4	4	4	4
574710	1991-04-14 00:00:00	1991	1991	4	4	4	4
574710	1991-04-15 00:00:00	1991	1991	4	0	0	0
574710	1991-04-16 00:00:00	1991	1991	4	0	0	0
574710	1991-04-17 00:00:00	1991	1991	4	0	0	0
574710	1991-04-18 00:00:00	1991	1991	4	0	0	0
574710	1991-04-19 00:00:00	1991	1991	4	0	0	0
574710	1991-04-20 00:00:00	1991	1991	4	0	0	0
574710	1991-04-21 00:00:00	1991	1991	4	0	0	0
574710	1991-04-22 00:00:00	1991	1991	4	0	0	0
574710	1991-04-23 00:00:00	1991	1991	4	0	0	0
574710	1991-04-24 00:00:00	1991	1991	4	0	0	0
574710	1991-04-25 00:00:00	1991	1991	4	0	0	0
574710	1991-04-26 00:00:00	1991	1991	4	0	0	0
574710	1991-04-27 00:00:00	1991	1991	4	0	0	0
574710	1991-04-28 00:00:00	1991	1991	4	0	0	0
574710	1991-04-29 00:00:00	1991	1991	4	0	0	0
574710	1991-04-30 00:00:00	1991	1991	4	0	0	0
574710	1991-05-01 00:00:00	1991	1991	5	0	0	0
574710	1991-05-02 00:00:00	1991	1991	5	0	0	0
574710	1991-05-03 00:00:00	1991	1991	5	0	0	0
574710	1991-05-04 00:00:00	1991	1991	5	0	0	0
574710	1991-05-05 00:00:00	1991	1991	5	0	0	0
574710	1991-05-06 00:00:00	1991	1991	5	0	0	0
574710	1991-05-07 00:00:00	1991	1991	5	0	0	0
574710	1991-05-08 00:00:00	1991	1991	5	0	0	0
574710	1991-05-09 00:00:00	1991	1991	5	0	0	0
574710	1991-05-10 00:00:00	1991	1991	5	0	0	0
574710	1991-05-11 00:00:00	1991	1991	5	0	0	0
574710	1991-05-12 00:00:00	1991	1991	5	0	0	0
574710	1991-05-13 00:00:00	1991	1991	5	0	0	0
574710	1991-05-14 00:00:00	1991	1991	5	0	0	0
574710	1991-05-15 00:00:00	1991	1991	5	0	0	0
574710	1991-05-16 00:00:00	1991	1991	5	0	0	0
574710	1991-05-17 00:00:00	1991	1991	5	0	0	0
574710	1991-05-18 00:00:00	1991	1991	5	0	0	0
574710	1991-05-19 00:00:00	1991	1991	5	0	0	0
574710	1991-05-20 00:00:00	1991	1991	5	0	0	0
574710	1991-05-21 00:00:00	1991	1991	5	0	0	0
574710	1991-05-22 00:00:00	1991	1991	5	0	0	0
574710	1991-05-23 00:00:00	1991	1991	5	4	4	4
574710	1991-05-24 00:00:00	1991	1991	5	4	4	4
574710	1991-05-25 00:00:00	1991	1991	5	4	4	4
574710	1991-05-26 00:00:00	1991	1991	5	4	4	4
574710	1991-05-27 00:00:00	1991	1991	5	4	4	4
574710	1991-05-28 00:00:00	1991	1991	5	4	4	4
574710	1991-05-29 00:00:00	1991	1991	5	4	4	4
574710	1991-05-30 00:00:00	1991	1991	5	4	4	4
574710	1991-05-31 00:00:00	1991	1991	5	4	4	4
574710	1991-06-01 00:00:00	1991	1991	6	4	4	4
574710	1991-06-02 00:00:00	1991	1991	6	4	4	4
574710	1991-06-03 00:00:00	1991	1991	6	4	4	4
574710	1991-06-04 00:00:00	1991	1991	6	4	4	4
574710	1991-06-05 00:00:00	1991	1991	6	4	4	4
574710	1991-06-06 00:00:00	1991	1991	6	4	4	4
574710	1991-06-07 00:00:00	1991	1991	6	4	4	4
574710	1991-06-08 00:00:00	1991	1991	6	4	4	4
574710	1991-06-09 00:00:00	1991	1991	6	4	4	4
574710	1991-06-10 00:00:00	1991	1991	6	4	4	4
574710	1991-06-11 00:00:00	1991	1991	6	4	4	4
574710	1991-06-12 00:00:00	1991	1991	6	4	4	4
574710	1991-06-13 00:00:00	1991	1991	6	4	4	4
574710	1991-06-14 00:00:00	1991	1991	6	4	4	4
574710	1991-06-15 00:00:00	1991	1991	6	4	4	4
574710	1991-06-16 00:00:00	1991	1991	6	4	4	4
574710	1991-06-17 00:00:00	1991	1991	6	3	3	3
574710	1991-06-18 00:00:00	1991	1991	6	3	3	3
574710	1991-06-19 00:00:00	1991	1991	6	3	3	3
574710	1991-06-20 00:00:00	1991	1991	6	4	4	4
574710	1991-06-21 00:00:00	1991	1991	6	4	4	4
574710	1991-06-22 00:00:00	1991	1991	6	4	4	4
574710	1991-06-23 00:00:00	1991	1991	6	5	5	5
574710	1991-06-24 00:00:00	1991	1991	6	5	5	5
574710	1991-06-25 00:00:00	1991	1991	6	5	5	5
574710	1991-06-26 00:00:00	1991	1991	6	5	5	5
574710	1991-06-27 00:00:00	1991	1991	6	6	6	6
574710	1991-06-28 00:00:00	1991	1991	6	8	8	8
574710	1991-06-29 00:00:00	1991	1991	6	9	9	9
574710	1991-06-30 00:00:00	1991	1991	6	9	9	9
574710	1991-07-01 00:00:00	1991	1991	7	9	9	9
574710	1991-07-02 00:00:00	1991	1991	7	9	9	9
574710	1991-07-03 00:00:00	1991	1991	7	9	9	9
574710	1991-07-04 00:00:00	1991	1991	7	8	8	8
574710	1991-07-05 00:00:00	1991	1991	7	7	7	7
574710	1991-07-06 00:00:00	1991	1991	7	7	7	7
574710	1991-07-07 00:00:00	1991	1991	7	6	6	6
574710	1991-07-08 00:00:00	1991	1991	7	6	6	6
574710	1991-07-09 00:00:00	1991	1991	7	6	6	6
574710	1991-07-10 00:00:00	1991	1991	7	5	5	5
574710	1991-07-11 00:00:00	1991	1991	7	5	5	5
574710	1991-07-12 00:00:00	1991	1991	7	5	5	5
574710	1991-07-13 00:00:00	1991	1991	7	5	5	5
574710	1991-07-14 00:00:00	1991	1991	7	5	5	5
574710	1991-07-15 00:00:00	1991	1991	7	5	5	5
574710	1991-07-16 00:00:00	1991	1991	7	5	5	5
574710	1991-07-17 00:00:00	1991	1991	7	4	4	4
574710	1991-07-18 00:00:00	1991	1991	7	4	4	4
574710	1991-07-19 00:00:00	1991	1991	7	4	4	4
574710	1991-07-20 00:00:00	1991	1991	7	4	4	4
574710	1991-07-21 00:00:00	1991	1991	7	3	3	3
574710	1991-07-22 00:00:00	1991	1991	7	3	3	3
574710	1991-07-23 00:00:00	1991	1991	7	3	3	3
574710	1991-07-24 00:00:00	1991	1991	7	3	3	3
574710	1991-07-25 00:00:00	1991	1991	7	3	3	3
574710	1991-07-26 00:00:00	1991	1991	7	3	3	3
574710	1991-07-27 00:00:00	1991	1991	7	3	3	3
574710	1991-07-28 00:00:00	1991	1991	7	3	3	3
574710	1991-07-29 00:00:00	1991	1991	7	3	3	3
574710	1991-07-30 00:00:00	1991	1991	7	3	3	3
574710	1991-07-31 00:00:00	1991	1991	7	3	3	3
574710	1991-08-01 00:00:00	1991	1991	8	3	3	3
574710	1991-08-02 00:00:00	1991	1991	8	3	3	3
574710	1991-08-03 00:00:00	1991	1991	8	3	3	3
574710	1991-08-04 00:00:00	1991	1991	8	3	3	3
574710	1991-08-05 00:00:00	1991	1991	8	3	3	3
574710	1991-08-06 00:00:00	1991	1991	8	3	3	3
574710	1991-08-07 00:00:00	1991	1991	8	3	3	3
574710	1991-08-08 00:00:00	1991	1991	8	3	3	3
574710	1991-08-09 00:00:00	1991	1991	8	3	3	3
574710	1991-08-10 00:00:00	1991	1991	8	2	2	2
574710	1991-08-11 00:00:00	1991	1991	8	2	2	2
574710	1991-08-12 00:00:00	1991	1991	8	2	2	2
574710	1991-08-13 00:00:00	1991	1991	8	2	2	2
574710	1991-08-14 00:00:00	1991	1991	8	2	2	2
574710	1991-08-15 00:00:00	1991	1991	8	2	2	2
574710	1991-08-16 00:00:00	1991	1991	8	2	2	2
574710	1991-08-17 00:00:00	1991	1991	8	2	2	2
574710	1991-08-18 00:00:00	1991	1991	8	2	2	2
574710	1991-08-19 00:00:00	1991	1991	8	2	2	2
574710	1991-08-20 00:00:00	1991	1991	8	2	2	2
574710	1991-08-21 00:00:00	1991	1991	8	2	2	2
574710	1991-08-22 00:00:00	1991	1991	8	2	2	2
574710	1991-08-23 00:00:00	1991	1991	8	2	2	2
574710	1991-08-24 00:00:00	1991	1991	8	2	2	2
574710	1991-08-25 00:00:00	1991	1991	8	2	2	2
574710	1991-08-26 00:00:00	1991	1991	8	2	2	2
574710	1991-08-27 00:00:00	1991	1991	8	2	2	2
574710	1991-08-28 00:00:00	1991	1991	8	2	2	2
574710	1991-08-29 00:00:00	1991	1991	8	2	2	2
574710	1991-08-30 00:00:00	1991	1991	8	2	2	2
574710	1991-08-31 00:00:00	1991	1991	8	2	2	2
574710	1991-09-01 00:00:00	1991	1991	9	2	2	2
574710	1991-09-02 00:00:00	1991	1991	9	2	2	2
574710	1991-09-03 00:00:00	1991	1991	9	2	2	2
574710	1991-09-04 00:00:00	1991	1991	9	2	2	2
574710	1991-09-05 00:00:00	1991	1991	9	2	2	2
574710	1991-09-06 00:00:00	1991	1991	9	2	2	2
574710	1991-09-07 00:00:00	1991	1991	9	2	2	2
574710	1991-09-08 00:00:00	1991	1991	9	2	2	2
574710	1991-09-09 00:00:00	1991	1991	9	2	2	2
574710	1991-09-10 00:00:00	1991	1991	9	2	2	2
574710	1991-09-11 00:00:00	1991	1991	9	2	2	2
574710	1991-09-12 00:00:00	1991	1991	9	2	2	2
574710	1991-09-13 00:00:00	1991	1991	9	2	2	2
574710	1991-09-14 00:00:00	1991	1991	9	2	2	2
574710	1991-09-15 00:00:00	1991	1991	9	2	2	2
574710	1991-09-16 00:00:00	1991	1991	9	2	2	2
574710	1991-09-17 00:00:00	1991	1991	9	2	2	2
574710	1991-09-18 00:00:00	1991	1991	9	2	2	2
574710	1991-09-19 00:00:00	1991	1991	9	2	2	2
574710	1991-09-20 00:00:00	1991	1991	9	2	2	2
574710	1991-09-21 00:00:00	1991	1991	9	2	2	2
574710	1991-09-22 00:00:00	1991	1991	9	2	2	2
574710	1991-09-23 00:00:00	1991	1991	9	3	3	3
574710	1991-09-24 00:00:00	1991	1991	9	3	3	3
574710	1991-09-25 00:00:00	1991	1991	9	3	3	3
574710	1991-09-26 00:00:00	1991	1991	9	3	3	3
574710	1991-09-27 00:00:00	1991	1991	9	2	2	2
574710	1991-09-28 00:00:00	1991	1991	9	2	2	2
574710	1991-09-29 00:00:00	1991	1991	9	2	2	2
574710	1991-09-30 00:00:00	1991	1991	9	2	2	2
574710	1991-10-01 00:00:00	1991	1991	10	2	2	2
574710	1991-10-02 00:00:00	1991	1991	10	2	2	2
574710	1991-10-03 00:00:00	1991	1991	10	2	2	2
574710	1991-10-04 00:00:00	1991	1991	10	2	2	2
574710	1991-10-05 00:00:00	1991	1991	10	2	2	2
574710	1991-10-06 00:00:00	1991	1991	10	2	2	2
574710	1991-10-07 00:00:00	1991	1991	10	2	2	2
574710	1991-10-08 00:00:00	1991	1991	10	2	2	2
574710	1991-10-09 00:00:00	1991	1991	10	2	2	2
574710	1991-10-10 00:00:00	1991	1991	10	2	2	2
574710	1991-10-11 00:00:00	1991	1991	10	2	2	2
574710	1991-10-12 00:00:00	1991	1991	10	2	2	2
574710	1991-10-13 00:00:00	1991	1991	10	2	2	2
574710	1991-10-14 00:00:00	1991	1991	10	2	2	2
574710	1991-10-15 00:00:00	1991	1991	10	2	2	2
574710	1991-10-16 00:00:00	1991	1991	10	2	2	2
574710	1991-10-17 00:00:00	1991	1991	10	2	2	2
574710	1991-10-18 00:00:00	1991	1991	10	3	3	3
574710	1991-10-19 00:00:00	1991	1991	10	3	3	3
574710	1991-10-20 00:00:00	1991	1991	10	3	3	3
574710	1991-10-21 00:00:00	1991	1991	10	3	3	3
574710	1991-10-22 00:00:00	1991	1991	10	3	3	3
574710	1991-10-23 00:00:00	1991	1991	10	3	3	3
574710	1991-10-24 00:00:00	1991	1991	10	3	3	3
574710	1991-10-25 00:00:00	1991	1991	10	3	3	3
574710	1991-10-26 00:00:00	1991	1991	10	2	2	2
574710	1991-10-27 00:00:00	1991	1991	10	2	2	2
574710	1991-10-28 00:00:00	1991	1991	10	2	2	2
574710	1991-10-29 00:00:00	1991	1991	10	2	2	2
574710	1991-10-30 00:00:00	1991	1991	10	2	2	2
574710	1991-10-31 00:00:00	1991	1991	10	2	2	2
574710	1991-11-01 00:00:00	1991	1992	11	3	3	3
574710	1991-11-02 00:00:00	1991	1992	11	3	3	3
574710	1991-11-03 00:00:00	1991	1992	11	3	3	3
574710	1991-11-04 00:00:00	1991	1992	11	4	4	4
574710	1991-11-05 00:00:00	1991	1992	11	4	4	4
574710	1991-11-06 00:00:00	1991	1992	11	5	5	5
574710	1991-11-07 00:00:00	1991	1992	11	6	6	6
574710	1991-11-08 00:00:00	1991	1992	11	6	6	6
574710	1991-11-09 00:00:00	1991	1992	11	8	8	8
574710	1991-11-10 00:00:00	1991	1992	11	8	8	8
574710	1991-11-11 00:00:00	1991	1992	11	10	10	10
574710	1991-11-12 00:00:00	1991	1992	11	10	10	10
574710	1991-11-13 00:00:00	1991	1992	11	10	10	10
574710	1991-11-14 00:00:00	1991	1992	11	11	11	11
574710	1991-11-15 00:00:00	1991	1992	11	11	11	11
574710	1991-11-16 00:00:00	1991	1992	11	10	10	10
574710	1991-11-17 00:00:00	1991	1992	11	9	9	9
574710	1991-11-18 00:00:00	1991	1992	11	9	9	9
574710	1991-11-19 00:00:00	1991	1992	11	8	8	8
574710	1991-11-20 00:00:00	1991	1992	11	8	8	8
574710	1991-11-21 00:00:00	1991	1992	11	7	7	7
574710	1991-11-22 00:00:00	1991	1992	11	6	6	6
574710	1991-11-23 00:00:00	1991	1992	11	6	6	6
574710	1991-11-24 00:00:00	1991	1992	11	5	5	5
574710	1991-11-25 00:00:00	1991	1992	11	5	5	5
574710	1991-11-26 00:00:00	1991	1992	11	5	5	5
574710	1991-11-27 00:00:00	1991	1992	11	5	5	5
574710	1991-11-28 00:00:00	1991	1992	11	5	5	5
574710	1991-11-29 00:00:00	1991	1992	11	5	5	5
574710	1991-11-30 00:00:00	1991	1992	11	5	5	5
574710	1991-12-01 00:00:00	1991	1992	12	5	5	5
574710	1991-12-02 00:00:00	1991	1992	12	5	5	5
574710	1991-12-03 00:00:00	1991	1992	12	4	4	4
574710	1991-12-04 00:00:00	1991	1992	12	4	4	4
574710	1991-12-05 00:00:00	1991	1992	12	4	4	4
574710	1991-12-06 00:00:00	1991	1992	12	4	4	4
574710	1991-12-07 00:00:00	1991	1992	12	4	4	4
574710	1991-12-08 00:00:00	1991	1992	12	4	4	4
574710	1991-12-09 00:00:00	1991	1992	12	3	3	3
574710	1991-12-10 00:00:00	1991	1992	12	3	3	3
574710	1991-12-11 00:00:00	1991	1992	12	3	3	3
574710	1991-12-12 00:00:00	1991	1992	12	3	3	3
574710	1991-12-13 00:00:00	1991	1992	12	3	3	3
574710	1991-12-14 00:00:00	1991	1992	12	3	3	3
574710	1991-12-15 00:00:00	1991	1992	12	3	3	3
574710	1991-12-16 00:00:00	1991	1992	12	3	3	3
574710	1991-12-17 00:00:00	1991	1992	12	3	3	3
574710	1991-12-18 00:00:00	1991	1992	12	3	3	3
574710	1991-12-19 00:00:00	1991	1992	12	7	7	7
574710	1991-12-20 00:00:00	1991	1992	12	35	35	35
574710	1991-12-21 00:00:00	1991	1992	12	41	41	41
574710	1991-12-22 00:00:00	1991	1992	12	47	47	47
574710	1991-12-23 00:00:00	1991	1992	12	55	55	55
574710	1991-12-24 00:00:00	1991	1992	12	42	42	42
574710	1991-12-25 00:00:00	1991	1992	12	33	33	33
574710	1991-12-26 00:00:00	1991	1992	12	23	23	23
574710	1991-12-27 00:00:00	1991	1992	12	16	16	16
574710	1991-12-28 00:00:00	1991	1992	12	15	15	15
574710	1991-12-29 00:00:00	1991	1992	12	13	13	13
574710	1991-12-30 00:00:00	1991	1992	12	12	12	12
574710	1991-12-31 00:00:00	1991	1992	12	12	12	12
574710	1992-01-01 00:00:00	1992	1992	1	11	11	11
574710	1992-01-02 00:00:00	1992	1992	1	10	10	10
574710	1992-01-03 00:00:00	1992	1992	1	10	10	10
574710	1992-01-04 00:00:00	1992	1992	1	12	12	12
574710	1992-01-05 00:00:00	1992	1992	1	15	15	15
574710	1992-01-06 00:00:00	1992	1992	1	17	17	17
574710	1992-01-07 00:00:00	1992	1992	1	16	16	16
574710	1992-01-08 00:00:00	1992	1992	1	16	16	16
574710	1992-01-09 00:00:00	1992	1992	1	14	14	14
574710	1992-01-10 00:00:00	1992	1992	1	13	13	13
574710	1992-01-11 00:00:00	1992	1992	1	13	13	13
574710	1992-01-12 00:00:00	1992	1992	1	12	12	12
574710	1992-01-13 00:00:00	1992	1992	1	11	11	11
574710	1992-01-14 00:00:00	1992	1992	1	10	10	10
574710	1992-01-15 00:00:00	1992	1992	1	8	8	8
574710	1992-01-16 00:00:00	1992	1992	1	7	7	7
574710	1992-01-17 00:00:00	1992	1992	1	7	7	7
574710	1992-01-18 00:00:00	1992	1992	1	7	7	7
574710	1992-01-19 00:00:00	1992	1992	1	7	7	7
574710	1992-01-20 00:00:00	1992	1992	1	7	7	7
574710	1992-01-21 00:00:00	1992	1992	1	7	7	7
574710	1992-01-22 00:00:00	1992	1992	1	6	6	6
574710	1992-01-23 00:00:00	1992	1992	1	6	6	6
574710	1992-01-24 00:00:00	1992	1992	1	6	6	6
574710	1992-01-25 00:00:00	1992	1992	1	5	5	5
574710	1992-01-26 00:00:00	1992	1992	1	5	5	5
574710	1992-01-27 00:00:00	1992	1992	1	5	5	5
574710	1992-01-28 00:00:00	1992	1992	1	5	5	5
574710	1992-01-29 00:00:00	1992	1992	1	4	4	4
574710	1992-01-30 00:00:00	1992	1992	1	4	4	4
574710	1992-01-31 00:00:00	1992	1992	1	4	4	4
574710	1992-02-01 00:00:00	1992	1992	2	4	4	4
574710	1992-02-02 00:00:00	1992	1992	2	4	4	4
574710	1992-02-03 00:00:00	1992	1992	2	4	4	4
574710	1992-02-04 00:00:00	1992	1992	2	4	4	4
574710	1992-02-05 00:00:00	1992	1992	2	4	4	4
574710	1992-02-06 00:00:00	1992	1992	2	4	4	4
574710	1992-02-07 00:00:00	1992	1992	2	4	4	4
574710	1992-02-08 00:00:00	1992	1992	2	4	4	4
574710	1992-02-09 00:00:00	1992	1992	2	4	4	4
574710	1992-02-10 00:00:00	1992	1992	2	4	4	4
574710	1992-02-11 00:00:00	1992	1992	2	4	4	4
574710	1992-02-12 00:00:00	1992	1992	2	4	4	4
574710	1992-02-13 00:00:00	1992	1992	2	5	5	5
574710	1992-02-14 00:00:00	1992	1992	2	5	5	5
574710	1992-02-15 00:00:00	1992	1992	2	6	6	6
574710	1992-02-16 00:00:00	1992	1992	2	6	6	6
574710	1992-02-17 00:00:00	1992	1992	2	8	8	8
574710	1992-02-18 00:00:00	1992	1992	2	8	8	8
574710	1992-02-19 00:00:00	1992	1992	2	7	7	7
574710	1992-02-20 00:00:00	1992	1992	2	7	7	7
574710	1992-02-21 00:00:00	1992	1992	2	7	7	7
574710	1992-02-22 00:00:00	1992	1992	2	7	7	7
574710	1992-02-23 00:00:00	1992	1992	2	7	7	7
574710	1992-02-24 00:00:00	1992	1992	2	7	7	7
574710	1992-02-25 00:00:00	1992	1992	2	7	7	7
574710	1992-02-26 00:00:00	1992	1992	2	8	8	8
574710	1992-02-27 00:00:00	1992	1992	2	8	8	8
574710	1992-02-28 00:00:00	1992	1992	2	8	8	8
574710	1992-02-29 00:00:00	1992	1992	2	8	8	8
574710	1992-03-01 00:00:00	1992	1992	3	8	8	8
574710	1992-03-02 00:00:00	1992	1992	3	8	8	8
574710	1992-03-03 00:00:00	1992	1992	3	8	8	8
574710	1992-03-04 00:00:00	1992	1992	3	8	8	8
574710	1992-03-05 00:00:00	1992	1992	3	8	8	8
574710	1992-03-06 00:00:00	1992	1992	3	8	8	8
574710	1992-03-07 00:00:00	1992	1992	3	8	8	8
574710	1992-03-08 00:00:00	1992	1992	3	8	8	8
574710	1992-03-09 00:00:00	1992	1992	3	8	8	8
574710	1992-03-10 00:00:00	1992	1992	3	8	8	8
574710	1992-03-11 00:00:00	1992	1992	3	8	8	8
574710	1992-03-12 00:00:00	1992	1992	3	8	8	8
574710	1992-03-13 00:00:00	1992	1992	3	10	10	10
574710	1992-03-14 00:00:00	1992	1992	3	11	11	11
574710	1992-03-15 00:00:00	1992	1992	3	12	12	12
574710	1992-03-16 00:00:00	1992	1992	3	13	13	13
574710	1992-03-17 00:00:00	1992	1992	3	13	13	13
574710	1992-03-18 00:00:00	1992	1992	3	13	13	13
574710	1992-03-19 00:00:00	1992	1992	3	13	13	13
574710	1992-03-20 00:00:00	1992	1992	3	14	14	14
574710	1992-03-21 00:00:00	1992	1992	3	14	14	14
574710	1992-03-22 00:00:00	1992	1992	3	15	15	15
574710	1992-03-23 00:00:00	1992	1992	3	15	15	15
574710	1992-03-24 00:00:00	1992	1992	3	15	15	15
574710	1992-03-25 00:00:00	1992	1992	3	15	15	15
574710	1992-03-26 00:00:00	1992	1992	3	14	14	14
574710	1992-03-27 00:00:00	1992	1992	3	14	14	14
574710	1992-03-28 00:00:00	1992	1992	3	14	14	14
574710	1992-03-29 00:00:00	1992	1992	3	14	14	14
574710	1992-03-30 00:00:00	1992	1992	3	14	14	14
574710	1992-03-31 00:00:00	1992	1992	3	14	14	14
574710	1992-04-01 00:00:00	1992	1992	4	14	14	14
574710	1992-04-02 00:00:00	1992	1992	4	15	15	15
574710	1992-04-03 00:00:00	1992	1992	4	15	15	15
574710	1992-04-04 00:00:00	1992	1992	4	16	16	16
574710	1992-04-05 00:00:00	1992	1992	4	16	16	16
574710	1992-04-06 00:00:00	1992	1992	4	16	16	16
574710	1992-04-07 00:00:00	1992	1992	4	15	15	15
574710	1992-04-08 00:00:00	1992	1992	4	15	15	15
574710	1992-04-09 00:00:00	1992	1992	4	14	14	14
574710	1992-04-10 00:00:00	1992	1992	4	14	14	14
574710	1992-04-11 00:00:00	1992	1992	4	14	14	14
574710	1992-04-12 00:00:00	1992	1992	4	14	14	14
574710	1992-04-13 00:00:00	1992	1992	4	30	30	30
574710	1992-04-14 00:00:00	1992	1992	4	30	30	30
574710	1992-04-15 00:00:00	1992	1992	4	30	30	30
574710	1992-04-16 00:00:00	1992	1992	4	29	29	29
574710	1992-04-17 00:00:00	1992	1992	4	28	28	28
574710	1992-04-18 00:00:00	1992	1992	4	28	28	28
574710	1992-04-19 00:00:00	1992	1992	4	27	27	27
574710	1992-04-20 00:00:00	1992	1992	4	26	26	26
574710	1992-04-21 00:00:00	1992	1992	4	10	10	10
574710	1992-04-22 00:00:00	1992	1992	4	8	8	8
574710	1992-04-23 00:00:00	1992	1992	4	8	8	8
574710	1992-04-24 00:00:00	1992	1992	4	7	7	7
574710	1992-04-25 00:00:00	1992	1992	4	7	7	7
574710	1992-04-26 00:00:00	1992	1992	4	6	6	6
574710	1992-04-27 00:00:00	1992	1992	4	6	6	6
574710	1992-04-28 00:00:00	1992	1992	4	6	6	6
574710	1992-04-29 00:00:00	1992	1992	4	6	6	6
574710	1992-04-30 00:00:00	1992	1992	4	6	6	6
574710	1992-05-01 00:00:00	1992	1992	5	5	5	5
574710	1992-05-02 00:00:00	1992	1992	5	5	5	5
574710	1992-05-03 00:00:00	1992	1992	5	5	5	5
574710	1992-05-04 00:00:00	1992	1992	5	5	5	5
574710	1992-05-05 00:00:00	1992	1992	5	5	5	5
574710	1992-05-06 00:00:00	1992	1992	5	5	5	5
574710	1992-05-07 00:00:00	1992	1992	5	5	5	5
574710	1992-05-08 00:00:00	1992	1992	5	5	5	5
574710	1992-05-09 00:00:00	1992	1992	5	6	6	6
574710	1992-05-10 00:00:00	1992	1992	5	6	6	6
574710	1992-05-11 00:00:00	1992	1992	5	6	6	6
574710	1992-05-12 00:00:00	1992	1992	5	6	6	6
574710	1992-05-13 00:00:00	1992	1992	5	6	6	6
574710	1992-05-14 00:00:00	1992	1992	5	5	5	5
574710	1992-05-15 00:00:00	1992	1992	5	5	5	5
574710	1992-05-16 00:00:00	1992	1992	5	5	5	5
574710	1992-05-17 00:00:00	1992	1992	5	5	5	5
574710	1992-05-18 00:00:00	1992	1992	5	5	5	5
574710	1992-05-19 00:00:00	1992	1992	5	5	5	5
574710	1992-05-20 00:00:00	1992	1992	5	5	5	5
574710	1992-05-21 00:00:00	1992	1992	5	5	5	5
574710	1992-05-22 00:00:00	1992	1992	5	4	4	4
574710	1992-05-23 00:00:00	1992	1992	5	4	4	4
574710	1992-05-24 00:00:00	1992	1992	5	4	4	4
574710	1992-05-25 00:00:00	1992	1992	5	4	4	4
574710	1992-05-26 00:00:00	1992	1992	5	4	4	4
574710	1992-05-27 00:00:00	1992	1992	5	4	4	4
574710	1992-05-28 00:00:00	1992	1992	5	4	4	4
574710	1992-05-29 00:00:00	1992	1992	5	4	4	4
574710	1992-05-30 00:00:00	1992	1992	5	4	4	4
574710	1992-05-31 00:00:00	1992	1992	5	4	4	4
574710	1992-06-01 00:00:00	1992	1992	6	3	3	3
574710	1992-06-02 00:00:00	1992	1992	6	3	3	3
574710	1992-06-03 00:00:00	1992	1992	6	3	3	3
574710	1992-06-04 00:00:00	1992	1992	6	14	14	14
574710	1992-06-05 00:00:00	1992	1992	6	13	13	13
574710	1992-06-06 00:00:00	1992	1992	6	13	13	13
574710	1992-06-07 00:00:00	1992	1992	6	12	12	12
574710	1992-06-08 00:00:00	1992	1992	6	12	12	12
574710	1992-06-09 00:00:00	1992	1992	6	11	11	11
574710	1992-06-10 00:00:00	1992	1992	6	10	10	10
574710	1992-06-11 00:00:00	1992	1992	6	10	10	10
574710	1992-06-12 00:00:00	1992	1992	6	9	9	9
574710	1992-06-13 00:00:00	1992	1992	6	8	8	8
574710	1992-06-14 00:00:00	1992	1992	6	8	8	8
574710	1992-06-15 00:00:00	1992	1992	6	7	7	7
574710	1992-06-16 00:00:00	1992	1992	6	7	7	7
574710	1992-06-17 00:00:00	1992	1992	6	7	7	7
574710	1992-06-18 00:00:00	1992	1992	6	7	7	7
574710	1992-06-19 00:00:00	1992	1992	6	10	10	10
574710	1992-06-20 00:00:00	1992	1992	6	11	11	11
574710	1992-06-21 00:00:00	1992	1992	6	12	12	12
574710	1992-06-22 00:00:00	1992	1992	6	13	13	13
574710	1992-06-23 00:00:00	1992	1992	6	13	13	13
574710	1992-06-24 00:00:00	1992	1992	6	13	13	13
574710	1992-06-25 00:00:00	1992	1992	6	13	13	13
574710	1992-06-26 00:00:00	1992	1992	6	12	12	12
574710	1992-06-27 00:00:00	1992	1992	6	12	12	12
574710	1992-06-28 00:00:00	1992	1992	6	10	10	10
574710	1992-06-29 00:00:00	1992	1992	6	10	10	10
574710	1992-06-30 00:00:00	1992	1992	6	17	17	17
574710	1992-07-01 00:00:00	1992	1992	7	17	17	17
574710	1992-07-02 00:00:00	1992	1992	7	18	18	18
574710	1992-07-03 00:00:00	1992	1992	7	18	18	18
574710	1992-07-04 00:00:00	1992	1992	7	21	21	21
574710	1992-07-05 00:00:00	1992	1992	7	25	25	25
574710	1992-07-06 00:00:00	1992	1992	7	29	29	29
574710	1992-07-07 00:00:00	1992	1992	7	28	28	28
574710	1992-07-08 00:00:00	1992	1992	7	27	27	27
574710	1992-07-09 00:00:00	1992	1992	7	27	27	27
574710	1992-07-10 00:00:00	1992	1992	7	27	27	27
574710	1992-07-11 00:00:00	1992	1992	7	27	27	27
574710	1992-07-12 00:00:00	1992	1992	7	27	27	27
574710	1992-07-13 00:00:00	1992	1992	7	27	27	27
574710	1992-07-14 00:00:00	1992	1992	7	7	7	7
574710	1992-07-15 00:00:00	1992	1992	7	7	7	7
574710	1992-07-16 00:00:00	1992	1992	7	7	7	7
574710	1992-07-17 00:00:00	1992	1992	7	7	7	7
574710	1992-07-18 00:00:00	1992	1992	7	7	7	7
574710	1992-07-19 00:00:00	1992	1992	7	7	7	7
574710	1992-07-20 00:00:00	1992	1992	7	7	7	7
574710	1992-07-21 00:00:00	1992	1992	7	6	6	6
574710	1992-07-22 00:00:00	1992	1992	7	6	6	6
574710	1992-07-23 00:00:00	1992	1992	7	6	6	6
574710	1992-07-24 00:00:00	1992	1992	7	6	6	6
574710	1992-07-25 00:00:00	1992	1992	7	5	5	5
574710	1992-07-26 00:00:00	1992	1992	7	5	5	5
574710	1992-07-27 00:00:00	1992	1992	7	4	4	4
574710	1992-07-28 00:00:00	1992	1992	7	4	4	4
574710	1992-07-29 00:00:00	1992	1992	7	4	4	4
574710	1992-07-30 00:00:00	1992	1992	7	4	4	4
574710	1992-07-31 00:00:00	1992	1992	7	4	4	4
574710	1992-08-01 00:00:00	1992	1992	8	4	4	4
574710	1992-08-02 00:00:00	1992	1992	8	4	4	4
574710	1992-08-03 00:00:00	1992	1992	8	4	4	4
574710	1992-08-04 00:00:00	1992	1992	8	4	4	4
574710	1992-08-05 00:00:00	1992	1992	8	4	4	4
574710	1992-08-06 00:00:00	1992	1992	8	3	3	3
574710	1992-08-07 00:00:00	1992	1992	8	3	3	3
574710	1992-08-08 00:00:00	1992	1992	8	3	3	3
574710	1992-08-09 00:00:00	1992	1992	8	3	3	3
574710	1992-08-10 00:00:00	1992	1992	8	3	3	3
574710	1992-08-11 00:00:00	1992	1992	8	3	3	3
574710	1992-08-12 00:00:00	1992	1992	8	3	3	3
574710	1992-08-13 00:00:00	1992	1992	8	3	3	3
574710	1992-08-14 00:00:00	1992	1992	8	3	3	3
574710	1992-08-15 00:00:00	1992	1992	8	3	3	3
574710	1992-08-16 00:00:00	1992	1992	8	3	3	3
574710	1992-08-17 00:00:00	1992	1992	8	3	3	3
574710	1992-08-18 00:00:00	1992	1992	8	3	3	3
574710	1992-08-19 00:00:00	1992	1992	8	3	3	3
574710	1992-08-20 00:00:00	1992	1992	8	3	3	3
574710	1992-08-21 00:00:00	1992	1992	8	2	2	2
574710	1992-08-22 00:00:00	1992	1992	8	2	2	2
574710	1992-08-23 00:00:00	1992	1992	8	2	2	2
574710	1992-08-24 00:00:00	1992	1992	8	2	2	2
574710	1992-08-25 00:00:00	1992	1992	8	3	3	3
574710	1992-08-26 00:00:00	1992	1992	8	4	4	4
574710	1992-08-27 00:00:00	1992	1992	8	4	4	4
574710	1992-08-28 00:00:00	1992	1992	8	5	5	5
574710	1992-08-29 00:00:00	1992	1992	8	5	5	5
574710	1992-08-30 00:00:00	1992	1992	8	6	6	6
574710	1992-08-31 00:00:00	1992	1992	8	6	6	6
574710	1992-09-01 00:00:00	1992	1992	9	6	6	6
574710	1992-09-02 00:00:00	1992	1992	9	7	7	7
574710	1992-09-03 00:00:00	1992	1992	9	7	7	7
574710	1992-09-04 00:00:00	1992	1992	9	7	7	7
574710	1992-09-05 00:00:00	1992	1992	9	8	8	8
574710	1992-09-06 00:00:00	1992	1992	9	8	8	8
574710	1992-09-07 00:00:00	1992	1992	9	8	8	8
574710	1992-09-08 00:00:00	1992	1992	9	8	8	8
574710	1992-09-09 00:00:00	1992	1992	9	8	8	8
574710	1992-09-10 00:00:00	1992	1992	9	8	8	8
574710	1992-09-11 00:00:00	1992	1992	9	7	7	7
574710	1992-09-12 00:00:00	1992	1992	9	7	7	7
574710	1992-09-13 00:00:00	1992	1992	9	7	7	7
574710	1992-09-14 00:00:00	1992	1992	9	7	7	7
574710	1992-09-15 00:00:00	1992	1992	9	7	7	7
574710	1992-09-16 00:00:00	1992	1992	9	7	7	7
574710	1992-09-17 00:00:00	1992	1992	9	6	6	6
574710	1992-09-18 00:00:00	1992	1992	9	6	6	6
574710	1992-09-19 00:00:00	1992	1992	9	6	6	6
574710	1992-09-20 00:00:00	1992	1992	9	6	6	6
574710	1992-09-21 00:00:00	1992	1992	9	6	6	6
574710	1992-09-22 00:00:00	1992	1992	9	6	6	6
574710	1992-09-23 00:00:00	1992	1992	9	5	5	5
574710	1992-09-24 00:00:00	1992	1992	9	5	5	5
574710	1992-09-25 00:00:00	1992	1992	9	5	5	5
574710	1992-09-26 00:00:00	1992	1992	9	5	5	5
574710	1992-09-27 00:00:00	1992	1992	9	5	5	5
574710	1992-09-28 00:00:00	1992	1992	9	5	5	5
574710	1992-09-29 00:00:00	1992	1992	9	5	5	5
574710	1992-09-30 00:00:00	1992	1992	9	5	5	5
574710	1992-10-01 00:00:00	1992	1992	10	5	5	5
574710	1992-10-02 00:00:00	1992	1992	10	5	5	5
574710	1992-10-03 00:00:00	1992	1992	10	5	5	5
574710	1992-10-04 00:00:00	1992	1992	10	5	5	5
574710	1992-10-05 00:00:00	1992	1992	10	5	5	5
574710	1992-10-06 00:00:00	1992	1992	10	4	4	4
574710	1992-10-07 00:00:00	1992	1992	10	4	4	4
574710	1992-10-08 00:00:00	1992	1992	10	4	4	4
574710	1992-10-09 00:00:00	1992	1992	10	4	4	4
574710	1992-10-10 00:00:00	1992	1992	10	3	3	3
574710	1992-10-11 00:00:00	1992	1992	10	3	3	3
574710	1992-10-12 00:00:00	1992	1992	10	3	3	3
574710	1992-10-13 00:00:00	1992	1992	10	4	4	4
574710	1992-10-14 00:00:00	1992	1992	10	4	4	4
574710	1992-10-15 00:00:00	1992	1992	10	4	4	4
574710	1992-10-16 00:00:00	1992	1992	10	4	4	4
574710	1992-10-17 00:00:00	1992	1992	10	4	4	4
574710	1992-10-18 00:00:00	1992	1992	10	4	4	4
574710	1992-10-19 00:00:00	1992	1992	10	4	4	4
574710	1992-10-20 00:00:00	1992	1992	10	4	4	4
574710	1992-10-21 00:00:00	1992	1992	10	4	4	4
574710	1992-10-22 00:00:00	1992	1992	10	4	4	4
574710	1992-10-23 00:00:00	1992	1992	10	4	4	4
574710	1992-10-24 00:00:00	1992	1992	10	5	5	5
574710	1992-10-25 00:00:00	1992	1992	10	10	10	10
574710	1992-10-26 00:00:00	1992	1992	10	16	16	16
574710	1992-10-27 00:00:00	1992	1992	10	20	20	20
574710	1992-10-28 00:00:00	1992	1992	10	21	21	21
574710	1992-10-29 00:00:00	1992	1992	10	22	22	22
574710	1992-10-30 00:00:00	1992	1992	10	22	22	22
574710	1992-10-31 00:00:00	1992	1992	10	21	21	21
574710	1992-11-01 00:00:00	1992	1993	11	17	17	17
574710	1992-11-02 00:00:00	1992	1993	11	13	13	13
574710	1992-11-03 00:00:00	1992	1993	11	12	12	12
574710	1992-11-04 00:00:00	1992	1993	11	11	11	11
574710	1992-11-05 00:00:00	1992	1993	11	10	10	10
574710	1992-11-06 00:00:00	1992	1993	11	9	9	9
574710	1992-11-07 00:00:00	1992	1993	11	8	8	8
574710	1992-11-08 00:00:00	1992	1993	11	7	7	7
574710	1992-11-09 00:00:00	1992	1993	11	7	7	7
574710	1992-11-10 00:00:00	1992	1993	11	7	7	7
574710	1992-11-11 00:00:00	1992	1993	11	9	9	9
574710	1992-11-12 00:00:00	1992	1993	11	10	10	10
574710	1992-11-13 00:00:00	1992	1993	11	10	10	10
574710	1992-11-14 00:00:00	1992	1993	11	11	11	11
574710	1992-11-15 00:00:00	1992	1993	11	11	11	11
574710	1992-11-16 00:00:00	1992	1993	11	12	12	12
574710	1992-11-17 00:00:00	1992	1993	11	12	12	12
574710	1992-11-18 00:00:00	1992	1993	11	13	13	13
574710	1992-11-19 00:00:00	1992	1993	11	17	17	17
574710	1992-11-20 00:00:00	1992	1993	11	20	20	20
574710	1992-11-21 00:00:00	1992	1993	11	22	22	22
574710	1992-11-22 00:00:00	1992	1993	11	25	25	25
574710	1992-11-23 00:00:00	1992	1993	11	28	28	28
574710	1992-11-24 00:00:00	1992	1993	11	30	30	30
574710	1992-11-25 00:00:00	1992	1993	11	29	29	29
574710	1992-11-26 00:00:00	1992	1993	11	27	27	27
574710	1992-11-27 00:00:00	1992	1993	11	20	20	20
574710	1992-11-28 00:00:00	1992	1993	11	18	18	18
574710	1992-11-29 00:00:00	1992	1993	11	13	13	13
574710	1992-11-30 00:00:00	1992	1993	11	11	11	11
574710	1992-12-01 00:00:00	1992	1993	12	11	11	11
574710	1992-12-02 00:00:00	1992	1993	12	11	11	11
574710	1992-12-03 00:00:00	1992	1993	12	11	11	11
574710	1992-12-04 00:00:00	1992	1993	12	11	11	11
574710	1992-12-05 00:00:00	1992	1993	12	10	10	10
574710	1992-12-06 00:00:00	1992	1993	12	10	10	10
574710	1992-12-07 00:00:00	1992	1993	12	10	10	10
574710	1992-12-08 00:00:00	1992	1993	12	10	10	10
574710	1992-12-09 00:00:00	1992	1993	12	10	10	10
574710	1992-12-10 00:00:00	1992	1993	12	10	10	10
574710	1992-12-11 00:00:00	1992	1993	12	10	10	10
574710	1992-12-12 00:00:00	1992	1993	12	11	11	11
574710	1992-12-13 00:00:00	1992	1993	12	11	11	11
574710	1992-12-14 00:00:00	1992	1993	12	11	11	11
574710	1992-12-15 00:00:00	1992	1993	12	11	11	11
574710	1992-12-16 00:00:00	1992	1993	12	11	11	11
574710	1992-12-17 00:00:00	1992	1993	12	11	11	11
574710	1992-12-18 00:00:00	1992	1993	12	11	11	11
574710	1992-12-19 00:00:00	1992	1993	12	11	11	11
574710	1992-12-20 00:00:00	1992	1993	12	11	11	11
574710	1992-12-21 00:00:00	1992	1993	12	11	11	11
574710	1992-12-22 00:00:00	1992	1993	12	11	11	11
574710	1992-12-23 00:00:00	1992	1993	12	10	10	10
574710	1992-12-24 00:00:00	1992	1993	12	10	10	10
574710	1992-12-25 00:00:00	1992	1993	12	10	10	10
574710	1992-12-26 00:00:00	1992	1993	12	9	9	9
574710	1992-12-27 00:00:00	1992	1993	12	9	9	9
574710	1992-12-28 00:00:00	1992	1993	12	9	9	9
574710	1992-12-29 00:00:00	1992	1993	12	9	9	9
574710	1992-12-30 00:00:00	1992	1993	12	9	9	9
574710	1992-12-31 00:00:00	1992	1993	12	9	9	9
574710	1993-01-01 00:00:00	1993	1993	1	7	7	7
574710	1993-01-02 00:00:00	1993	1993	1	7	7	7
574710	1993-01-03 00:00:00	1993	1993	1	6	6	6
574710	1993-01-04 00:00:00	1993	1993	1	6	6	6
574710	1993-01-05 00:00:00	1993	1993	1	6	6	6
574710	1993-01-06 00:00:00	1993	1993	1	6	6	6
574710	1993-01-07 00:00:00	1993	1993	1	8	8	8
574710	1993-01-08 00:00:00	1993	1993	1	8	8	8
574710	1993-01-09 00:00:00	1993	1993	1	10	10	10
574710	1993-01-10 00:00:00	1993	1993	1	13	13	13
574710	1993-01-11 00:00:00	1993	1993	1	20	20	20
574710	1993-01-12 00:00:00	1993	1993	1	10	10	10
574710	1993-01-13 00:00:00	1993	1993	1	10	10	10
574710	1993-01-14 00:00:00	1993	1993	1	9	9	9
574710	1993-01-15 00:00:00	1993	1993	1	7	7	7
574710	1993-01-16 00:00:00	1993	1993	1	6	6	6
574710	1993-01-17 00:00:00	1993	1993	1	5	5	5
574710	1993-01-18 00:00:00	1993	1993	1	5	5	5
574710	1993-01-19 00:00:00	1993	1993	1	5	5	5
574710	1993-01-20 00:00:00	1993	1993	1	5	5	5
574710	1993-01-21 00:00:00	1993	1993	1	4	4	4
574710	1993-01-22 00:00:00	1993	1993	1	4	4	4
574710	1993-01-23 00:00:00	1993	1993	1	4	4	4
574710	1993-01-24 00:00:00	1993	1993	1	3	3	3
574710	1993-01-25 00:00:00	1993	1993	1	2	2	2
574710	1993-01-26 00:00:00	1993	1993	1	2	2	2
574710	1993-01-27 00:00:00	1993	1993	1	2	2	2
574710	1993-01-28 00:00:00	1993	1993	1	2	2	2
574710	1993-01-29 00:00:00	1993	1993	1	2	2	2
574710	1993-01-30 00:00:00	1993	1993	1	2	2	2
574710	1993-01-31 00:00:00	1993	1993	1	2	2	2
574710	1993-02-01 00:00:00	1993	1993	2	1	1	1
574710	1993-02-02 00:00:00	1993	1993	2	1	1	1
574710	1993-02-03 00:00:00	1993	1993	2	1	1	1
574710	1993-02-04 00:00:00	1993	1993	2	1	1	1
574710	1993-02-05 00:00:00	1993	1993	2	1	1	1
574710	1993-02-06 00:00:00	1993	1993	2	1	1	1
574710	1993-02-07 00:00:00	1993	1993	2	1	1	1
574710	1993-02-08 00:00:00	1993	1993	2	1	1	1
574710	1993-02-09 00:00:00	1993	1993	2	1	1	1
574710	1993-02-10 00:00:00	1993	1993	2	1	1	1
574710	1993-02-11 00:00:00	1993	1993	2	1	1	1
574710	1993-02-12 00:00:00	1993	1993	2	0	0	0
574710	1993-02-13 00:00:00	1993	1993	2	0	0	0
574710	1993-02-14 00:00:00	1993	1993	2	0	0	0
574710	1993-02-15 00:00:00	1993	1993	2	0	0	0
574710	1993-02-16 00:00:00	1993	1993	2	0	0	0
574710	1993-02-17 00:00:00	1993	1993	2	0	0	0
574710	1993-02-18 00:00:00	1993	1993	2	0	0	0
574710	1993-02-19 00:00:00	1993	1993	2	0	0	0
574710	1993-02-20 00:00:00	1993	1993	2	0	0	0
574710	1993-02-21 00:00:00	1993	1993	2	0	0	0
574710	1993-02-22 00:00:00	1993	1993	2	0	0	0
574710	1993-02-23 00:00:00	1993	1993	2	0	0	0
574710	1993-02-24 00:00:00	1993	1993	2	0	0	0
574710	1993-02-25 00:00:00	1993	1993	2	0	0	0
574710	1993-02-26 00:00:00	1993	1993	2	0	0	0
574710	1993-02-27 00:00:00	1993	1993	2	0	0	0
574710	1993-02-28 00:00:00	1993	1993	2	0	0	0
574710	1993-03-01 00:00:00	1993	1993	3	2	2	2
574710	1993-03-02 00:00:00	1993	1993	3	2	2	2
574710	1993-03-03 00:00:00	1993	1993	3	2	2	2
574710	1993-03-04 00:00:00	1993	1993	3	2	2	2
574710	1993-03-05 00:00:00	1993	1993	3	2	2	2
574710	1993-03-06 00:00:00	1993	1993	3	2	2	2
574710	1993-03-07 00:00:00	1993	1993	3	2	2	2
574710	1993-03-08 00:00:00	1993	1993	3	2	2	2
574710	1993-03-09 00:00:00	1993	1993	3	2	2	2
574710	1993-03-10 00:00:00	1993	1993	3	2	2	2
574710	1993-03-11 00:00:00	1993	1993	3	2	2	2
574710	1993-03-12 00:00:00	1993	1993	3	2	2	2
574710	1993-03-13 00:00:00	1993	1993	3	1	1	1
574710	1993-03-14 00:00:00	1993	1993	3	1	1	1
574710	1993-03-15 00:00:00	1993	1993	3	1	1	1
574710	1993-03-16 00:00:00	1993	1993	3	1	1	1
574710	1993-03-17 00:00:00	1993	1993	3	1	1	1
574710	1993-03-18 00:00:00	1993	1993	3	1	1	1
574710	1993-03-19 00:00:00	1993	1993	3	1	1	1
574710	1993-03-20 00:00:00	1993	1993	3	1	1	1
574710	1993-03-21 00:00:00	1993	1993	3	1	1	1
574710	1993-03-22 00:00:00	1993	1993	3	1	1	1
574710	1993-03-23 00:00:00	1993	1993	3	1	1	1
574710	1993-03-24 00:00:00	1993	1993	3	1	1	1
574710	1993-03-25 00:00:00	1993	1993	3	1	1	1
574710	1993-03-26 00:00:00	1993	1993	3	1	1	1
574710	1993-03-27 00:00:00	1993	1993	3	1	1	1
574710	1993-03-28 00:00:00	1993	1993	3	1	1	1
574710	1993-03-29 00:00:00	1993	1993	3	1	1	1
574710	1993-03-30 00:00:00	1993	1993	3	1	1	1
574710	1993-03-31 00:00:00	1993	1993	3	1	1	1
574710	1993-04-01 00:00:00	1993	1993	4	1	1	1
574710	1993-04-02 00:00:00	1993	1993	4	1	1	1
574710	1993-04-03 00:00:00	1993	1993	4	1	1	1
574710	1993-04-04 00:00:00	1993	1993	4	1	1	1
574710	1993-04-05 00:00:00	1993	1993	4	1	1	1
574710	1993-04-06 00:00:00	1993	1993	4	2	2	2
574710	1993-04-07 00:00:00	1993	1993	4	2	2	2
574710	1993-04-08 00:00:00	1993	1993	4	2	2	2
574710	1993-04-09 00:00:00	1993	1993	4	2	2	2
574710	1993-04-10 00:00:00	1993	1993	4	2	2	2
574710	1993-04-11 00:00:00	1993	1993	4	2	2	2
574710	1993-04-12 00:00:00	1993	1993	4	2	2	2
574710	1993-04-13 00:00:00	1993	1993	4	2	2	2
574710	1993-04-14 00:00:00	1993	1993	4	2	2	2
574710	1993-04-15 00:00:00	1993	1993	4	2	2	2
574710	1993-04-16 00:00:00	1993	1993	4	2	2	2
574710	1993-04-17 00:00:00	1993	1993	4	3	3	3
574710	1993-04-18 00:00:00	1993	1993	4	3	3	3
574710	1993-04-19 00:00:00	1993	1993	4	3	3	3
574710	1993-04-20 00:00:00	1993	1993	4	4	4	4
574710	1993-04-21 00:00:00	1993	1993	4	4	4	4
574710	1993-04-22 00:00:00	1993	1993	4	4	4	4
574710	1993-04-23 00:00:00	1993	1993	4	4	4	4
574710	1993-04-24 00:00:00	1993	1993	4	4	4	4
574710	1993-04-25 00:00:00	1993	1993	4	4	4	4
574710	1993-04-26 00:00:00	1993	1993	4	4	4	4
574710	1993-04-27 00:00:00	1993	1993	4	4	4	4
574710	1993-04-28 00:00:00	1993	1993	4	4	4	4
574710	1993-04-29 00:00:00	1993	1993	4	4	4	4
574710	1993-04-30 00:00:00	1993	1993	4	4	4	4
574710	1993-05-01 00:00:00	1993	1993	5	1	1	1
574710	1993-05-02 00:00:00	1993	1993	5	1	1	1
574710	1993-05-03 00:00:00	1993	1993	5	1	1	1
574710	1993-05-04 00:00:00	1993	1993	5	1	1	1
574710	1993-05-05 00:00:00	1993	1993	5	1	1	1
574710	1993-05-06 00:00:00	1993	1993	5	1	1	1
574710	1993-05-07 00:00:00	1993	1993	5	1	1	1
574710	1993-05-08 00:00:00	1993	1993	5	1	1	1
574710	1993-05-09 00:00:00	1993	1993	5	2	2	2
574710	1993-05-10 00:00:00	1993	1993	5	2	2	2
574710	1993-05-11 00:00:00	1993	1993	5	2	2	2
574710	1993-05-12 00:00:00	1993	1993	5	2	2	2
574710	1993-05-13 00:00:00	1993	1993	5	2	2	2
574710	1993-05-14 00:00:00	1993	1993	5	3	3	3
574710	1993-05-15 00:00:00	1993	1993	5	3	3	3
574710	1993-05-16 00:00:00	1993	1993	5	3	3	3
574710	1993-05-17 00:00:00	1993	1993	5	3	3	3
574710	1993-05-18 00:00:00	1993	1993	5	3	3	3
574710	1993-05-19 00:00:00	1993	1993	5	4	4	4
574710	1993-05-20 00:00:00	1993	1993	5	4	4	4
574710	1993-05-21 00:00:00	1993	1993	5	4	4	4
574710	1993-05-22 00:00:00	1993	1993	5	5	5	5
574710	1993-05-23 00:00:00	1993	1993	5	5	5	5
574710	1993-05-24 00:00:00	1993	1993	5	4	4	4
574710	1993-05-25 00:00:00	1993	1993	5	4	4	4
574710	1993-05-26 00:00:00	1993	1993	5	4	4	4
574710	1993-05-27 00:00:00	1993	1993	5	4	4	4
574710	1993-05-28 00:00:00	1993	1993	5	4	4	4
574710	1993-05-29 00:00:00	1993	1993	5	4	4	4
574710	1993-05-30 00:00:00	1993	1993	5	4	4	4
574710	1993-05-31 00:00:00	1993	1993	5	4	4	4
574710	1993-06-01 00:00:00	1993	1993	6	4	4	4
574710	1993-06-02 00:00:00	1993	1993	6	4	4	4
574710	1993-06-03 00:00:00	1993	1993	6	3	3	3
574710	1993-06-04 00:00:00	1993	1993	6	3	3	3
574710	1993-06-05 00:00:00	1993	1993	6	2	2	2
574710	1993-06-06 00:00:00	1993	1993	6	1	1	1
574710	1993-06-07 00:00:00	1993	1993	6	1	1	1
574710	1993-06-08 00:00:00	1993	1993	6	1	1	1
574710	1993-06-09 00:00:00	1993	1993	6	1	1	1
574710	1993-06-10 00:00:00	1993	1993	6	1	1	1
574710	1993-06-11 00:00:00	1993	1993	6	1	1	1
574710	1993-06-12 00:00:00	1993	1993	6	1	1	1
574710	1993-06-13 00:00:00	1993	1993	6	1	1	1
574710	1993-06-14 00:00:00	1993	1993	6	1	1	1
574710	1993-06-15 00:00:00	1993	1993	6	1	1	1
574710	1993-06-16 00:00:00	1993	1993	6	1	1	1
574710	1993-06-17 00:00:00	1993	1993	6	1	1	1
574710	1993-06-18 00:00:00	1993	1993	6	1	1	1
574710	1993-06-19 00:00:00	1993	1993	6	1	1	1
574710	1993-06-20 00:00:00	1993	1993	6	1	1	1
574710	1993-06-21 00:00:00	1993	1993	6	1	1	1
574710	1993-06-22 00:00:00	1993	1993	6	1	1	1
574710	1993-06-23 00:00:00	1993	1993	6	1	1	1
574710	1993-06-24 00:00:00	1993	1993	6	1	1	1
574710	1993-06-25 00:00:00	1993	1993	6	1	1	1
574710	1993-06-26 00:00:00	1993	1993	6	1	1	1
574710	1993-06-27 00:00:00	1993	1993	6	1	1	1
574710	1993-06-28 00:00:00	1993	1993	6	1	1	1
574710	1993-06-29 00:00:00	1993	1993	6	1	1	1
574710	1993-06-30 00:00:00	1993	1993	6	1	1	1
574710	1993-07-01 00:00:00	1993	1993	7	1	1	1
574710	1993-07-02 00:00:00	1993	1993	7	1	1	1
574710	1993-07-03 00:00:00	1993	1993	7	1	1	1
574710	1993-07-04 00:00:00	1993	1993	7	1	1	1
574710	1993-07-05 00:00:00	1993	1993	7	1	1	1
574710	1993-07-06 00:00:00	1993	1993	7	1	1	1
574710	1993-07-07 00:00:00	1993	1993	7	1	1	1
574710	1993-07-08 00:00:00	1993	1993	7	1	1	1
574710	1993-07-09 00:00:00	1993	1993	7	1	1	1
574710	1993-07-10 00:00:00	1993	1993	7	1	1	1
574710	1993-07-11 00:00:00	1993	1993	7	1	1	1
574710	1993-07-12 00:00:00	1993	1993	7	1	1	1
574710	1993-07-13 00:00:00	1993	1993	7	1	1	1
574710	1993-07-14 00:00:00	1993	1993	7	1	1	1
574710	1993-07-15 00:00:00	1993	1993	7	1	1	1
574710	1993-07-16 00:00:00	1993	1993	7	1	1	1
574710	1993-07-17 00:00:00	1993	1993	7	1	1	1
574710	1993-07-18 00:00:00	1993	1993	7	1	1	1
574710	1993-07-19 00:00:00	1993	1993	7	1	1	1
574710	1993-07-20 00:00:00	1993	1993	7	1	1	1
574710	1993-07-21 00:00:00	1993	1993	7	1	1	1
574710	1993-07-22 00:00:00	1993	1993	7	1	1	1
574710	1993-07-23 00:00:00	1993	1993	7	1	1	1
574710	1993-07-24 00:00:00	1993	1993	7	1	1	1
574710	1993-07-25 00:00:00	1993	1993	7	1	1	1
574710	1993-07-26 00:00:00	1993	1993	7	1	1	1
574710	1993-07-27 00:00:00	1993	1993	7	1	1	1
574710	1993-07-28 00:00:00	1993	1993	7	1	1	1
574710	1993-07-29 00:00:00	1993	1993	7	1	1	1
574710	1993-07-30 00:00:00	1993	1993	7	1	1	1
574710	1993-07-31 00:00:00	1993	1993	7	1	1	1
574710	1993-08-01 00:00:00	1993	1993	8	1	1	1
574710	1993-08-02 00:00:00	1993	1993	8	1	1	1
574710	1993-08-03 00:00:00	1993	1993	8	1	1	1
574710	1993-08-04 00:00:00	1993	1993	8	1	1	1
574710	1993-08-05 00:00:00	1993	1993	8	1	1	1
574710	1993-08-06 00:00:00	1993	1993	8	1	1	1
574710	1993-08-07 00:00:00	1993	1993	8	1	1	1
574710	1993-08-08 00:00:00	1993	1993	8	1	1	1
574710	1993-08-09 00:00:00	1993	1993	8	1	1	1
574710	1993-08-10 00:00:00	1993	1993	8	1	1	1
574710	1993-08-11 00:00:00	1993	1993	8	1	1	1
574710	1993-08-12 00:00:00	1993	1993	8	1	1	1
574710	1993-08-13 00:00:00	1993	1993	8	1	1	1
574710	1993-08-14 00:00:00	1993	1993	8	1	1	1
574710	1993-08-15 00:00:00	1993	1993	8	1	1	1
574710	1993-08-16 00:00:00	1993	1993	8	1	1	1
574710	1993-08-17 00:00:00	1993	1993	8	1	1	1
574710	1993-08-18 00:00:00	1993	1993	8	1	1	1
574710	1993-08-19 00:00:00	1993	1993	8	1	1	1
574710	1993-08-20 00:00:00	1993	1993	8	1	1	1
574710	1993-08-21 00:00:00	1993	1993	8	1	1	1
574710	1993-08-22 00:00:00	1993	1993	8	1	1	1
574710	1993-08-23 00:00:00	1993	1993	8	1	1	1
574710	1993-08-24 00:00:00	1993	1993	8	1	1	1
574710	1993-08-25 00:00:00	1993	1993	8	1	1	1
574710	1993-08-26 00:00:00	1993	1993	8	1	1	1
574710	1993-08-27 00:00:00	1993	1993	8	1	1	1
574710	1993-08-28 00:00:00	1993	1993	8	1	1	1
574710	1993-08-29 00:00:00	1993	1993	8	1	1	1
574710	1993-08-30 00:00:00	1993	1993	8	1	1	1
574710	1993-08-31 00:00:00	1993	1993	8	1	1	1
574710	1993-09-01 00:00:00	1993	1993	9	1	1	1
574710	1993-09-02 00:00:00	1993	1993	9	1	1	1
574710	1993-09-03 00:00:00	1993	1993	9	1	1	1
574710	1993-09-04 00:00:00	1993	1993	9	1	1	1
574710	1993-09-05 00:00:00	1993	1993	9	1	1	1
574710	1993-09-06 00:00:00	1993	1993	9	1	1	1
574710	1993-09-07 00:00:00	1993	1993	9	1	1	1
574710	1993-09-08 00:00:00	1993	1993	9	1	1	1
574710	1993-09-09 00:00:00	1993	1993	9	1	1	1
574710	1993-09-10 00:00:00	1993	1993	9	1	1	1
574710	1993-09-11 00:00:00	1993	1993	9	1	1	1
574710	1993-09-12 00:00:00	1993	1993	9	1	1	1
574710	1993-09-13 00:00:00	1993	1993	9	1	1	1
574710	1993-09-14 00:00:00	1993	1993	9	1	1	1
574710	1993-09-15 00:00:00	1993	1993	9	1	1	1
574710	1993-09-16 00:00:00	1993	1993	9	1	1	1
574710	1993-09-17 00:00:00	1993	1993	9	1	1	1
574710	1993-09-18 00:00:00	1993	1993	9	1	1	1
574710	1993-09-19 00:00:00	1993	1993	9	1	1	1
574710	1993-09-20 00:00:00	1993	1993	9	1	1	1
574710	1993-09-21 00:00:00	1993	1993	9	1	1	1
574710	1993-09-22 00:00:00	1993	1993	9	1	1	1
574710	1993-09-23 00:00:00	1993	1993	9	1	1	1
574710	1993-09-24 00:00:00	1993	1993	9	1	1	1
574710	1993-09-25 00:00:00	1993	1993	9	1	1	1
574710	1993-09-26 00:00:00	1993	1993	9	1	1	1
574710	1993-09-27 00:00:00	1993	1993	9	1	1	1
574710	1993-09-28 00:00:00	1993	1993	9	1	1	1
574710	1993-09-29 00:00:00	1993	1993	9	1	1	1
574710	1993-09-30 00:00:00	1993	1993	9	1	1	1
574710	1993-10-01 00:00:00	1993	1993	10	1	1	1
574710	1993-10-02 00:00:00	1993	1993	10	1	1	1
574710	1993-10-03 00:00:00	1993	1993	10	1	1	1
574710	1993-10-04 00:00:00	1993	1993	10	1	1	1
574710	1993-10-05 00:00:00	1993	1993	10	1	1	1
574710	1993-10-06 00:00:00	1993	1993	10	1	1	1
574710	1993-10-07 00:00:00	1993	1993	10	1	1	1
574710	1993-10-08 00:00:00	1993	1993	10	1	1	1
574710	1993-10-09 00:00:00	1993	1993	10	1	1	1
574710	1993-10-10 00:00:00	1993	1993	10	1	1	1
574710	1993-10-11 00:00:00	1993	1993	10	1	1	1
574710	1993-10-12 00:00:00	1993	1993	10	1	1	1
574710	1993-10-13 00:00:00	1993	1993	10	1	1	1
574710	1993-10-14 00:00:00	1993	1993	10	1	1	1
574710	1993-10-15 00:00:00	1993	1993	10	1	1	1
574710	1993-10-16 00:00:00	1993	1993	10	1	1	1
574710	1993-10-17 00:00:00	1993	1993	10	1	1	1
574710	1993-10-18 00:00:00	1993	1993	10	1	1	1
574710	1993-10-19 00:00:00	1993	1993	10	1	1	1
574710	1993-10-20 00:00:00	1993	1993	10	1	1	1
574710	1993-10-21 00:00:00	1993	1993	10	1	1	1
574710	1993-10-22 00:00:00	1993	1993	10	1	1	1
574710	1993-10-23 00:00:00	1993	1993	10	1	1	1
574710	1993-10-24 00:00:00	1993	1993	10	1	1	1
574710	1993-10-25 00:00:00	1993	1993	10	1	1	1
574710	1993-10-26 00:00:00	1993	1993	10	1	1	1
574710	1993-10-27 00:00:00	1993	1993	10	1	1	1
574710	1993-10-28 00:00:00	1993	1993	10	1	1	1
574710	1993-10-29 00:00:00	1993	1993	10	1	1	1
574710	1993-10-30 00:00:00	1993	1993	10	1	1	1
574710	1993-10-31 00:00:00	1993	1993	10	1	1	1
