#MESSTELLEN_NR	ZEIT	JAHR	HJAHR	MONAT	Q	Q_MIN	Q_MAX
577540	2020-11-01 00:00:00	2020	2021	11	2.179375	1.87	2.62
577540	2020-11-02 00:00:00	2020	2021	11	1.7094791666666667	1.58	1.87
577540	2020-11-03 00:00:00	2020	2021	11	1.454375	1.38	1.62
577540	2020-11-04 00:00:00	2020	2021	11	1.3876041666666667	1.31	1.52
577540	2020-11-05 00:00:00	2020	2021	11	1.2216666666666667	1.14	1.4
577540	2020-11-06 00:00:00	2020	2021	11	1.1822359550561798	1.05	1.31
577540	2020-11-10 00:00:00	2020	2021	11	1.0154270833333334	0.971	1.14
577540	2020-11-11 00:00:00	2020	2021	11	1.0433958333333333	0.971	1.14
577540	2020-11-12 00:00:00	2020	2021	11	1.00971875	0.971	1.05
577540	2020-11-13 00:00:00	2020	2021	11	0.9855104166666667	0.971	1.05
577540	2020-11-14 00:00:00	2020	2021	11	0.9885729166666667	0.892	1.07
577540	2020-11-15 00:00:00	2020	2021	11	0.9773229166666667	0.895	1.05
577540	2020-11-16 00:00:00	2020	2021	11	1.0573125	0.971	1.22
577540	2020-11-17 00:00:00	2020	2021	11	1.0452083333333333	0.971	1.15
577540	2020-11-18 00:00:00	2020	2021	11	0.9451770833333333	0.892	0.993
577540	2020-11-19 00:00:00	2020	2021	11	0.9054166666666666	0.815	0.971
577540	2020-11-20 00:00:00	2020	2021	11	0.9981666666666666	0.87	1.15
577540	2020-11-21 00:00:00	2020	2021	11	0.9041875	0.815	1.05
577540	2020-11-22 00:00:00	2020	2021	11	0.8185416666666666	0.815	0.856
577540	2020-11-23 00:00:00	2020	2021	11	0.7836179775280899	0.74	0.903
577540	2020-11-25 00:00:00	2020	2021	11	0.8443125	0.668	0.971
577540	2020-11-26 00:00:00	2020	2021	11	0.748125	0.598	0.892
577540	2020-11-27 00:00:00	2020	2021	11	0.8363125	0.74	0.903
577540	2020-11-28 00:00:00	2020	2021	11	0.8081458333333333	0.74	0.903
577540	2020-11-29 00:00:00	2020	2021	11	0.816625	0.74	0.892
577540	2020-11-30 00:00:00	2020	2021	11	0.8593958333333334	0.74	0.971
577540	2020-12-01 00:00:00	2020	2021	12	0.8810416666666666	0.815	1.07
577540	2020-12-02 00:00:00	2020	2021	12	0.8358958333333333	0.53	0.971
577540	2020-12-03 00:00:00	2020	2021	12	0.8417604166666667	0.815	0.892
577540	2020-12-04 00:00:00	2020	2021	12	0.8422916666666667	0.598	1.02
577540	2020-12-05 00:00:00	2020	2021	12	0.8426979166666667	0.815	0.903
577540	2020-12-06 00:00:00	2020	2021	12	0.8175	0.74	0.892
577540	2020-12-07 00:00:00	2020	2021	12	0.8344791666666667	0.74	0.892
577540	2020-12-08 00:00:00	2020	2021	12	0.8230625	0.804	0.892
577540	2020-12-09 00:00:00	2020	2021	12	0.936125	0.815	1.4
577540	2020-12-10 00:00:00	2020	2021	12	1.2020833333333334	1.05	1.32
577540	2020-12-11 00:00:00	2020	2021	12	0.9501458333333334	0.892	1.05
577540	2020-12-12 00:00:00	2020	2021	12	0.86121875	0.815	0.892
577540	2020-12-13 00:00:00	2020	2021	12	0.8435	0.815	0.903
577540	2020-12-14 00:00:00	2020	2021	12	0.7855	0.668	0.892
577540	2020-12-15 00:00:00	2020	2021	12	0.77196875	0.668	0.892
577540	2020-12-16 00:00:00	2020	2021	12	0.7679270833333334	0.668	0.892
577540	2020-12-17 00:00:00	2020	2021	12	0.7719583333333333	0.74	0.892
577540	2020-12-18 00:00:00	2020	2021	12	0.7396770833333334	0.598	0.815
577540	2020-12-19 00:00:00	2020	2021	12	0.7253958333333334	0.598	0.815
577540	2020-12-20 00:00:00	2020	2021	12	0.6902291666666667	0.598	0.815
577540	2020-12-21 00:00:00	2020	2021	12	0.7026666666666667	0.598	0.815
577540	2020-12-22 00:00:00	2020	2021	12	0.8757916666666666	0.804	1.05
577540	2020-12-23 00:00:00	2020	2021	12	1.3111041666666667	0.982	2.6
577540	2020-12-24 00:00:00	2020	2021	12	2.3913541666666664	2.07	2.72
577540	2020-12-25 00:00:00	2020	2021	12	1.9786458333333334	1.68	2.28
577540	2020-12-26 00:00:00	2020	2021	12	1.965	1.4	2.3
577540	2020-12-27 00:00:00	2020	2021	12	1.315625	1.22	1.4
577540	2020-12-28 00:00:00	2020	2021	12	1.1510416666666667	1.06	1.28
577540	2020-12-29 00:00:00	2020	2021	12	1.1413541666666667	1.05	1.22
577540	2020-12-30 00:00:00	2020	2021	12	1.04034375	0.971	1.14
577540	2020-12-31 00:00:00	2020	2021	12	0.916	0.868	0.971
577540	2021-01-01 00:00:00	2021	2021	1	0.9175833333333333	0.881	1.02
577540	2021-01-02 00:00:00	2021	2021	1	0.934625	0.804	1.14
577540	2021-01-03 00:00:00	2021	2021	1	0.9459166666666666	0.86	1.05
577540	2021-04-30 00:00:00	2021	2021	4	1.5036458333333333	1.49	1.58
577540	2021-05-01 00:00:00	2021	2021	5	1.4048958333333332	1.31	1.49
577540	2021-05-02 00:00:00	2021	2021	5	1.8694791666666666	1.31	2.83
577540	2021-05-03 00:00:00	2021	2021	5	2.6744791666666665	2.01	3.06
577540	2021-05-04 00:00:00	2021	2021	5	1.7502083333333334	1.62	2
577540	2021-05-05 00:00:00	2021	2021	5	1.5921875	1.31	1.87
577540	2021-05-06 00:00:00	2021	2021	5	1.5861458333333334	1.49	1.68
577540	2021-05-07 00:00:00	2021	2021	5	1.5619791666666667	1.49	1.68
577540	2021-05-08 00:00:00	2021	2021	5	1.5985416666666667	1.49	1.77
577540	2021-05-09 00:00:00	2021	2021	5	1.4411458333333333	1.4	1.49
577540	2021-05-10 00:00:00	2021	2021	5	1.3904166666666666	1.31	1.4
577540	2021-05-11 00:00:00	2021	2021	5	1.4689583333333334	1.4	1.96
577540	2021-05-12 00:00:00	2021	2021	5	2.7146875	1.58	6.82
577540	2021-05-13 00:00:00	2021	2021	5	9.256145833333333	5.08	13.4
577540	2021-05-14 00:00:00	2021	2021	5	13.571875	10.6	15.5
577540	2021-05-15 00:00:00	2021	2021	5	8.390625	6.67	10.6
577540	2021-05-16 00:00:00	2021	2021	5	5.851770833333333	5.35	6.76
577540	2021-05-17 00:00:00	2021	2021	5	4.8821875	4.58	5.37
577540	2021-05-18 00:00:00	2021	2021	5	4.3534375	3.88	4.62
577540	2021-05-19 00:00:00	2021	2021	5	4.60625	3.78	5.12
577540	2021-05-20 00:00:00	2021	2021	5	4.601666666666667	4.41	5.12
577540	2021-05-21 00:00:00	2021	2021	5	3.7871875	1.84	4.41
577540	2021-05-22 00:00:00	2021	2021	5	3.290625	3.08	3.62
577540	2021-05-23 00:00:00	2021	2021	5	2.9145833333333333	2.72	3.17
577540	2021-05-24 00:00:00	2021	2021	5	2.6317708333333334	2.5	2.73
577540	2021-05-25 00:00:00	2021	2021	5	2.4663541666666666	2.39	2.59
577540	2021-05-26 00:00:00	2021	2021	5	2.4346875	2.28	3.11
577540	2021-05-27 00:00:00	2021	2021	5	3.4185416666666666	2.83	4.28
577540	2021-05-28 00:00:00	2021	2021	5	3.385	3.06	3.7
577540	2021-05-29 00:00:00	2021	2021	5	3.1375	2.83	3.46
577540	2021-05-30 00:00:00	2021	2021	5	2.6777083333333334	2.3	3.17
577540	2021-05-31 00:00:00	2021	2021	5	2.215625	2.1	2.34
577540	2021-06-01 00:00:00	2021	2021	6	2.125208333333333	2.07	2.22
577540	2021-06-02 00:00:00	2021	2021	6	2.064375	1.97	2.07
577540	2021-06-03 00:00:00	2021	2021	6	2.0163541666666664	1.87	2.07
577540	2021-06-04 00:00:00	2021	2021	6	1.87	1.77	1.97
577540	2021-06-05 00:00:00	2021	2021	6	3.3411458333333335	1.87	11
577540	2021-06-06 00:00:00	2021	2021	6	19.983333333333334	10.9	29.1
577540	2021-06-07 00:00:00	2021	2021	6	7.146979166666667	4.79	12.1
577540	2021-06-08 00:00:00	2021	2021	6	4.5209375	3.9	5.22
577540	2021-06-09 00:00:00	2021	2021	6	3.6392708333333332	3.41	3.88
577540	2021-06-10 00:00:00	2021	2021	6	3.4014583333333333	3.17	3.92
577540	2021-06-11 00:00:00	2021	2021	6	6.9915625	3.71	10.7
577540	2021-06-12 00:00:00	2021	2021	6	3.8534375	3.19	5.04
577540	2021-06-13 00:00:00	2021	2021	6	3.004375	2.81	3.19
577540	2021-06-14 00:00:00	2021	2021	6	2.5791666666666666	2.39	2.81
577540	2021-06-15 00:00:00	2021	2021	6	2.500625	2.4	2.6
577540	2021-06-16 00:00:00	2021	2021	6	2.3896875	2.35	2.47
577540	2021-06-17 00:00:00	2021	2021	6	2.287916666666667	2.22	2.39
577540	2021-06-18 00:00:00	2021	2021	6	2.271875	2.18	2.3
577540	2021-06-19 00:00:00	2021	2021	6	2.1986458333333334	2.07	2.28
577540	2021-06-20 00:00:00	2021	2021	6	2.1432291666666665	2.07	2.18
577540	2021-06-21 00:00:00	2021	2021	6	3.600416666666667	2.18	5.22
577540	2021-06-22 00:00:00	2021	2021	6	3.8909375	3.06	5.22
577540	2021-06-23 00:00:00	2021	2021	6	2.9232291666666668	2.72	3.28
577540	2021-06-24 00:00:00	2021	2021	6	3.3175	2.81	3.9
577540	2021-06-25 00:00:00	2021	2021	6	3.158541666666667	2.96	3.59
577540	2021-06-26 00:00:00	2021	2021	6	5.4759375	3.41	7.56
577540	2021-06-27 00:00:00	2021	2021	6	3.5390625	3.06	4.41
577540	2021-06-28 00:00:00	2021	2021	6	2.8115625	2.51	3.06
577540	2021-06-29 00:00:00	2021	2021	6	2.634375	2.48	3.27
577540	2021-06-30 00:00:00	2021	2021	6	3.0290625	2.73	3.17
577540	2021-11-01 00:00:00	2021	2022	11	1.5746875	1.45	1.77
577540	2021-11-02 00:00:00	2021	2022	11	1.811875	1.49	2.18
577540	2021-11-03 00:00:00	2021	2022	11	1.8554166666666667	1.77	1.97
577540	2021-11-04 00:00:00	2021	2022	11	3.7035416666666667	1.68	8.11
577540	2021-11-05 00:00:00	2021	2022	11	10.802708333333333	8.64	12.5
577540	2021-11-06 00:00:00	2021	2022	11	7.9484375	5.96	9.14
577540	2021-11-07 00:00:00	2021	2022	11	5.082291666666666	4.42	5.94
577540	2021-11-08 00:00:00	2021	2022	11	4.067395833333333	3.78	4.43
577540	2021-11-09 00:00:00	2021	2022	11	3.1772916666666666	1.22	3.78
577540	2021-11-10 00:00:00	2021	2022	11	3.0258333333333334	2.89	3.16
577540	2021-11-11 00:00:00	2021	2022	11	3.1108333333333333	2.94	3.2
577540	2021-11-12 00:00:00	2021	2022	11	2.7101041666666665	2.53	3.13
577540	2021-11-13 00:00:00	2021	2022	11	2.4541666666666666	2.39	2.54
577540	2021-11-14 00:00:00	2021	2022	11	2.3148958333333334	2.28	2.39
577540	2021-11-15 00:00:00	2021	2022	11	2.178125	1.97	2.28
577540	2021-11-16 00:00:00	2021	2022	11	2.2154166666666666	2.18	2.3
577540	2021-11-17 00:00:00	2021	2022	11	2.06	1.97	2.18
577540	2021-11-18 00:00:00	2021	2022	11	1.9479166666666667	1.87	1.98
577540	2021-11-19 00:00:00	2021	2022	11	1.8403125	1.77	1.97
577540	2021-11-20 00:00:00	2021	2022	11	1.781875	1.68	1.87
577540	2021-11-21 00:00:00	2021	2022	11	1.7303125	1.68	1.77
577540	2021-11-22 00:00:00	2021	2022	11	1.8277083333333333	1.68	2.07
577540	2021-11-23 00:00:00	2021	2022	11	1.91875	1.87	2.04
577540	2021-11-24 00:00:00	2021	2022	11	1.6892708333333333	1.58	1.87
577540	2021-11-25 00:00:00	2021	2022	11	1.7135416666666667	1.61	1.92
577540	2021-11-26 00:00:00	2021	2022	11	1.6533333333333333	1.49	1.77
577540	2021-11-27 00:00:00	2021	2022	11	1.7096875	1.68	1.77
577540	2021-11-28 00:00:00	2021	2022	11	1.6792708333333333	1.58	1.77
577540	2021-11-29 00:00:00	2021	2022	11	1.6391666666666667	1.58	1.68
577540	2021-11-30 00:00:00	2021	2022	11	1.62875	1.48	1.87
577540	2021-12-01 00:00:00	2021	2022	12	3.4683333333333333	1.63	5.34
577540	2021-12-02 00:00:00	2021	2022	12	4.533645833333333	3.6	5.33
577540	2021-12-03 00:00:00	2021	2022	12	3.0347916666666666	2.6	3.64
577540	2021-12-04 00:00:00	2021	2022	12	2.491041666666667	2.28	2.64
577540	2021-12-05 00:00:00	2021	2022	12	3.1758333333333333	2.5	3.55
577540	2021-12-06 00:00:00	2021	2022	12	3.144791666666667	2.88	3.41
577540	2021-12-07 00:00:00	2021	2022	12	2.7857291666666666	2.72	2.89
577540	2021-12-08 00:00:00	2021	2022	12	2.6372916666666666	2.39	2.83
577540	2021-12-09 00:00:00	2021	2022	12	2.5598958333333335	2.45	2.69
577540	2021-12-10 00:00:00	2021	2022	12	2.6170833333333334	2.5	2.74
577540	2021-12-11 00:00:00	2021	2022	12	2.410833333333333	2.28	2.54
577540	2021-12-12 00:00:00	2021	2022	12	2.10375	2.03	2.28
577540	2021-12-13 00:00:00	2021	2022	12	2.5833333333333335	2.07	3.49
577540	2021-12-14 00:00:00	2021	2022	12	4.259479166666667	3.53	4.5
577540	2021-12-15 00:00:00	2021	2022	12	3.6411458333333333	3.39	4.08
577540	2021-12-16 00:00:00	2021	2022	12	3.1297916666666667	2.92	3.41
577540	2021-12-17 00:00:00	2021	2022	12	2.791354166666667	2.62	2.94
577540	2021-12-18 00:00:00	2021	2022	12	2.6078125	2.57	2.68
577540	2021-12-19 00:00:00	2021	2022	12	2.5642708333333335	2.5	2.64
577540	2021-12-20 00:00:00	2021	2022	12	2.5163541666666664	2.5	2.6
577540	2021-12-21 00:00:00	2021	2022	12	2.4625	2.37	2.5
577540	2021-12-22 00:00:00	2021	2022	12	2.312291666666667	2.18	2.39
577540	2021-12-23 00:00:00	2021	2022	12	2.2907291666666665	2.21	2.44
577540	2021-12-24 00:00:00	2021	2022	12	2.7859375	2.28	3.66
577540	2021-12-25 00:00:00	2021	2022	12	3.4739583333333335	3.29	3.65
577540	2021-12-26 00:00:00	2021	2022	12	2.980208333333333	2.72	3.29
577540	2021-12-27 00:00:00	2021	2022	12	2.8751041666666666	2.72	3.06
577540	2021-12-28 00:00:00	2021	2022	12	3.5233333333333334	3.07	3.69
577540	2021-12-29 00:00:00	2021	2022	12	4.475833333333333	3.72	5.12
577540	2021-12-30 00:00:00	2021	2022	12	4.976770833333333	4.81	5.22
577540	2021-12-31 00:00:00	2021	2022	12	4.854895833333333	4.5	5.1
577540	2022-01-01 00:00:00	2022	2022	1	4.505520833333334	4.34	4.68
577540	2022-01-02 00:00:00	2022	2022	1	3.9795833333333333	3.74	4.4
577540	2022-01-03 00:00:00	2022	2022	1	4.738333333333333	3.76	5.92
577540	2022-01-04 00:00:00	2022	2022	1	8.891770833333334	5.55	15.8
577540	2022-01-05 00:00:00	2022	2022	1	25.398958333333333	16.6	31.3
577540	2022-01-06 00:00:00	2022	2022	1	14.907291666666667	11.6	19.1
577540	2022-01-07 00:00:00	2022	2022	1	9.476041666666667	6.55	11.5
577540	2022-01-08 00:00:00	2022	2022	1	7.6465625	7.25	8.27
577540	2022-01-09 00:00:00	2022	2022	1	7.046875	6.71	7.43
577540	2022-01-10 00:00:00	2022	2022	1	8.401041666666666	7.22	8.99
577540	2022-01-11 00:00:00	2022	2022	1	7.799791666666667	7.44	8.19
577540	2022-01-12 00:00:00	2022	2022	1	6.819583333333333	6.5	7.4
577540	2022-01-13 00:00:00	2022	2022	1	6.108229166666667	5.78	6.61
577540	2022-01-14 00:00:00	2022	2022	1	5.3503125	5.08	5.8
577540	2022-01-15 00:00:00	2022	2022	1	4.7959375	4.41	5.1
577540	2022-01-16 00:00:00	2022	2022	1	4.3403125	4.28	4.41
577540	2022-01-17 00:00:00	2022	2022	1	4.305416666666667	4.15	4.85
577540	2022-01-18 00:00:00	2022	2022	1	4.320104166666667	4.14	4.53
577540	2022-01-19 00:00:00	2022	2022	1	4.041875	3.9	4.15
577540	2022-01-20 00:00:00	2022	2022	1	4.133125	3.99	4.35
577540	2022-01-21 00:00:00	2022	2022	1	3.8939583333333334	3.74	4.04
577540	2022-01-22 00:00:00	2022	2022	1	5.247395833333333	3.78	8.72
577540	2022-01-23 00:00:00	2022	2022	1	10.4796875	8.98	12.2
577540	2022-01-24 00:00:00	2022	2022	1	9.941041666666667	8.35	11
577540	2022-01-25 00:00:00	2022	2022	1	7.504479166666667	5.68	8.35
577540	2022-01-26 00:00:00	2022	2022	1	6.3810416666666665	6.13	6.8
577540	2022-01-27 00:00:00	2022	2022	1	5.728125	5.32	6.19
577540	2022-01-28 00:00:00	2022	2022	1	5.318645833333333	5.2	5.49
577540	2022-01-29 00:00:00	2022	2022	1	4.944375	4.79	5.22
577540	2022-01-30 00:00:00	2022	2022	1	5.081770833333334	4.81	5.34
577540	2022-01-31 00:00:00	2022	2022	1	4.83125	4.45	5.78
577540	2022-02-01 00:00:00	2022	2022	2	5.819895833333334	5.54	6.03
577540	2022-02-02 00:00:00	2022	2022	2	6.9696875	5.49	7.87
577540	2022-02-03 00:00:00	2022	2022	2	7.265	6.37	7.6
577540	2022-02-04 00:00:00	2022	2022	2	6.1996875	5.82	6.35
577540	2022-02-05 00:00:00	2022	2022	2	5.661458333333333	5.34	5.9
577540	2022-02-06 00:00:00	2022	2022	2	5.009791666666667	4.81	5.35
577540	2022-02-07 00:00:00	2022	2022	2	5.0246875	4.9	5.22
577540	2022-02-08 00:00:00	2022	2022	2	4.68375	4.28	4.94
577540	2022-02-09 00:00:00	2022	2022	2	4.1544791666666665	4.03	4.28
577540	2022-02-10 00:00:00	2022	2022	2	3.9297916666666666	3.88	4.03
577540	2022-02-11 00:00:00	2022	2022	2	5.870729166666667	3.92	7.94
577540	2022-02-12 00:00:00	2022	2022	2	8.363229166666667	7.71	9.16
577540	2022-02-13 00:00:00	2022	2022	2	6.8540625	6.35	7.71
577540	2022-02-14 00:00:00	2022	2022	2	6.119791666666667	5.53	6.65
577540	2022-02-15 00:00:00	2022	2022	2	5.170625	4.81	5.5
577540	2022-02-16 00:00:00	2022	2022	2	4.6825	4.56	4.81
577540	2022-02-17 00:00:00	2022	2022	2	7.916875	4.53	12.2
577540	2022-02-18 00:00:00	2022	2022	2	9.576041666666667	7.43	12.1
577540	2022-02-19 00:00:00	2022	2022	2	7.0086458333333335	6.06	7.89
577540	2022-02-20 00:00:00	2022	2022	2	5.544270833333333	5.31	6.06
577540	2022-02-21 00:00:00	2022	2022	2	5.482916666666667	5.2	6.06
577540	2022-02-22 00:00:00	2022	2022	2	5.371458333333333	4.81	6.06
577540	2022-02-23 00:00:00	2022	2022	2	4.39	4.15	4.81
577540	2022-02-24 00:00:00	2022	2022	2	3.8832291666666667	3.76	4.14
577540	2022-02-25 00:00:00	2022	2022	2	3.8505208333333334	3.74	3.9
577540	2022-02-26 00:00:00	2022	2022	2	3.6157291666666667	3.41	3.69
577540	2022-02-27 00:00:00	2022	2022	2	3.2829166666666665	3.15	3.45
577540	2022-02-28 00:00:00	2022	2022	2	3.1	3	3.17
577540	2022-03-01 00:00:00	2022	2022	3	2.942083333333333	2.83	3.06
577540	2022-03-02 00:00:00	2022	2022	3	2.9045833333333335	2.83	3.06
577540	2022-03-03 00:00:00	2022	2022	3	2.9482291666666667	2.83	3.06
577540	2022-03-04 00:00:00	2022	2022	3	2.7864583333333335	2.7	2.96
577540	2022-03-05 00:00:00	2022	2022	3	2.6325	2.57	2.72
577540	2022-03-06 00:00:00	2022	2022	3	2.5034375	2.39	2.6
577540	2022-03-07 00:00:00	2022	2022	3	2.3739583333333334	1.87	2.45
577540	2022-03-08 00:00:00	2022	2022	3	2.267708333333333	2.18	2.31
577540	2022-03-09 00:00:00	2022	2022	3	2.2055208333333334	2.18	2.28
577540	2022-03-10 00:00:00	2022	2022	3	2.12875	2.07	2.2
