#MESSTELLEN_NR	ZEIT	JAHR	HJAHR	MONAT	Q	Q_MIN	Q_MAX
5775010	2020-11-01 00:00:00	2020	2021	11	0.6389166666666667	0.596	0.705
5775010	2020-11-02 00:00:00	2020	2021	11	0.5595416666666667	0.546	0.596
5775010	2020-11-03 00:00:00	2020	2021	11	0.5345	0.498	0.546
5775010	2020-11-04 00:00:00	2020	2021	11	0.498	0.498	0.498
5775010	2020-11-05 00:00:00	2020	2021	11	0.45870833333333333	0.452	0.498
5775010	2020-11-06 00:00:00	2020	2021	11	0.452	0.452	0.452
5775010	2020-11-10 00:00:00	2020	2021	11	0.452	0.452	0.452
5775010	2020-11-11 00:00:00	2020	2021	11	0.41482291666666665	0.409	0.452
5775010	2020-11-12 00:00:00	2020	2021	11	0.409	0.409	0.409
5775010	2020-11-13 00:00:00	2020	2021	11	0.409	0.409	0.409
5775010	2020-11-14 00:00:00	2020	2021	11	0.409	0.409	0.409
5775010	2020-11-15 00:00:00	2020	2021	11	0.409	0.409	0.409
5775010	2020-11-16 00:00:00	2020	2021	11	0.409	0.409	0.409
5775010	2020-11-17 00:00:00	2020	2021	11	0.42422916666666666	0.409	0.452
5775010	2020-11-18 00:00:00	2020	2021	11	0.452	0.452	0.452
5775010	2020-11-19 00:00:00	2020	2021	11	0.45645833333333335	0.452	0.596
5775010	2020-11-20 00:00:00	2020	2021	11	0.47333333333333333	0.452	0.596
5775010	2020-11-21 00:00:00	2020	2021	11	0.452	0.452	0.452
5775010	2020-11-22 00:00:00	2020	2021	11	0.452	0.452	0.452
5775010	2020-11-23 00:00:00	2020	2021	11	0.4458888888888889	0.409	0.498
5775010	2020-11-25 00:00:00	2020	2021	11	0.331	0.331	0.331
5775010	2020-11-26 00:00:00	2020	2021	11	0.3440625	0.331	0.369
5775010	2020-11-27 00:00:00	2020	2021	11	0.3369375	0.331	0.369
5775010	2020-11-28 00:00:00	2020	2021	11	0.331	0.331	0.331
5775010	2020-11-29 00:00:00	2020	2021	11	0.331	0.331	0.331
5775010	2020-11-30 00:00:00	2020	2021	11	0.331	0.331	0.331
5775010	2020-12-01 00:00:00	2020	2021	12	0.331	0.331	0.331
5775010	2020-12-02 00:00:00	2020	2021	12	0.3488125	0.331	0.369
5775010	2020-12-03 00:00:00	2020	2021	12	0.33416666666666667	0.331	0.369
5775010	2020-12-04 00:00:00	2020	2021	12	0.331	0.331	0.331
5775010	2020-12-05 00:00:00	2020	2021	12	0.331	0.331	0.331
5775010	2020-12-06 00:00:00	2020	2021	12	0.331	0.331	0.331
5775010	2020-12-07 00:00:00	2020	2021	12	0.333375	0.331	0.369
5775010	2020-12-08 00:00:00	2020	2021	12	0.331	0.331	0.331
5775010	2020-12-09 00:00:00	2020	2021	12	0.44255208333333335	0.331	0.546
5775010	2020-12-10 00:00:00	2020	2021	12	0.37983333333333336	0.369	0.409
5775010	2020-12-11 00:00:00	2020	2021	12	0.3365416666666667	0.331	0.369
5775010	2020-12-12 00:00:00	2020	2021	12	0.331	0.331	0.331
5775010	2020-12-13 00:00:00	2020	2021	12	0.331	0.331	0.331
5775010	2020-12-14 00:00:00	2020	2021	12	0.331	0.331	0.331
5775010	2020-12-15 00:00:00	2020	2021	12	0.33495833333333336	0.331	0.369
5775010	2020-12-16 00:00:00	2020	2021	12	0.33297916666666666	0.331	0.369
5775010	2020-12-17 00:00:00	2020	2021	12	0.331	0.331	0.331
5775010	2020-12-18 00:00:00	2020	2021	12	0.303625	0.295	0.331
5775010	2020-12-19 00:00:00	2020	2021	12	0.295	0.295	0.295
5775010	2020-12-20 00:00:00	2020	2021	12	0.295	0.295	0.295
5775010	2020-12-21 00:00:00	2020	2021	12	0.33197916666666666	0.295	0.369
5775010	2020-12-22 00:00:00	2020	2021	12	0.381	0.331	0.498
5775010	2020-12-23 00:00:00	2020	2021	12	0.57959375	0.369	1.22
5775010	2020-12-24 00:00:00	2020	2021	12	0.5935416666666666	0.452	1.22
5775010	2020-12-25 00:00:00	2020	2021	12	0.6358958333333333	0.452	0.788
5775010	2020-12-26 00:00:00	2020	2021	12	0.5006458333333333	0.452	0.546
5775010	2020-12-27 00:00:00	2020	2021	12	0.452	0.452	0.452
5775010	2020-12-28 00:00:00	2020	2021	12	0.4188541666666667	0.409	0.452
5775010	2020-12-29 00:00:00	2020	2021	12	0.409	0.409	0.409
5775010	2020-12-30 00:00:00	2020	2021	12	0.38358333333333333	0.369	0.409
5775010	2020-12-31 00:00:00	2020	2021	12	0.369	0.369	0.369
5775010	2021-01-01 00:00:00	2021	2021	1	0.369	0.369	0.369
5775010	2021-01-02 00:00:00	2021	2021	1	0.369	0.369	0.369
5775010	2021-01-03 00:00:00	2021	2021	1	0.3819166666666667	0.369	0.409
5775010	2021-01-04 00:00:00	2021	2021	1	0.40066666666666667	0.369	0.409
5775010	2021-01-05 00:00:00	2021	2021	1	0.38775	0.369	0.409
5775010	2021-01-06 00:00:00	2021	2021	1	0.42691666666666667	0.409	0.452
5775010	2021-01-07 00:00:00	2021	2021	1	0.42064583333333333	0.409	0.452
5775010	2021-01-08 00:00:00	2021	2021	1	0.409	0.409	0.409
5775010	2021-01-09 00:00:00	2021	2021	1	0.409	0.409	0.409
5775010	2021-01-10 00:00:00	2021	2021	1	0.409	0.409	0.409
5775010	2021-01-11 00:00:00	2021	2021	1	0.3800625	0.331	0.409
5775010	2021-01-12 00:00:00	2021	2021	1	0.421875	0.369	0.498
5775010	2021-01-13 00:00:00	2021	2021	1	0.41760416666666667	0.409	0.498
5775010	2021-01-14 00:00:00	2021	2021	1	0.409	0.409	0.409
5775010	2021-01-15 00:00:00	2021	2021	1	0.3944166666666667	0.369	0.409
5775010	2021-01-16 00:00:00	2021	2021	1	0.409	0.409	0.409
5775010	2021-01-17 00:00:00	2021	2021	1	0.38975	0.331	0.409
5775010	2021-01-18 00:00:00	2021	2021	1	0.39691666666666664	0.369	0.409
5775010	2021-01-19 00:00:00	2021	2021	1	0.46547916666666667	0.409	0.596
5775010	2021-01-20 00:00:00	2021	2021	1	0.80828125	0.596	1.41
5775010	2021-01-21 00:00:00	2021	2021	1	1.890625	1.41	2.68
5775010	2021-01-22 00:00:00	2021	2021	1	2.54375	2.12	3.4
5775010	2021-01-23 00:00:00	2021	2021	1	2.9525	2.56	3.27
5775010	2021-01-24 00:00:00	2021	2021	1	2.0121875	1.7	2.56
5775010	2021-01-25 00:00:00	2021	2021	1	1.4810416666666666	1.31	1.7
5775010	2021-01-26 00:00:00	2021	2021	1	1.205	1.13	1.31
5775010	2021-01-27 00:00:00	2021	2021	1	1.0357291666666666	0.954	1.13
5775010	2021-01-28 00:00:00	2021	2021	1	1.3311875	0.954	2.45
5775010	2021-01-29 00:00:00	2021	2021	1	7.523854166666666	2.01	17.2
5775010	2021-01-30 00:00:00	2021	2021	1	9.774375	6.42	13.7
5775010	2021-01-31 00:00:00	2021	2021	1	4.735520833333333	3.77	6.42
5775010	2021-02-01 00:00:00	2021	2021	2	3.1009375	2.56	3.64
5775010	2021-02-02 00:00:00	2021	2021	2	2.2941666666666665	2.12	2.56
5775010	2021-02-03 00:00:00	2021	2021	2	2.6708333333333334	2.34	3.4
5775010	2021-02-04 00:00:00	2021	2021	2	6.037604166666667	3.4	8.12
5775010	2021-02-05 00:00:00	2021	2021	2	3.9166666666666665	3.4	4.56
5775010	2021-02-06 00:00:00	2021	2021	2	3.9184375	3.52	4.29
5775010	2021-02-07 00:00:00	2021	2021	2	3.551875	3.15	4.03
5775010	2021-02-08 00:00:00	2021	2021	2	2.7289583333333334	2.45	3.15
5775010	2021-02-09 00:00:00	2021	2021	2	2.221979166666667	2.01	2.45
5775010	2021-02-10 00:00:00	2021	2021	2	1.7497916666666666	1.6	2.01
5775010	2021-02-11 00:00:00	2021	2021	2	1.4863541666666666	1.41	1.6
5775010	2021-02-12 00:00:00	2021	2021	2	1.3269791666666666	1.22	1.41
5775010	2021-02-13 00:00:00	2021	2021	2	1.229375	1.22	1.31
5775010	2021-02-14 00:00:00	2021	2021	2	1.154375	1.04	1.22
5775010	2021-02-15 00:00:00	2021	2021	2	1.2118125	0.87	1.7
5775010	2021-02-16 00:00:00	2021	2021	2	1.6366666666666667	1.41	2.12
5775010	2021-02-17 00:00:00	2021	2021	2	7.180104166666666	2.23	13.3
5775010	2021-02-18 00:00:00	2021	2021	2	9.646354166666667	8.28	11.5
5775010	2021-02-19 00:00:00	2021	2021	2	6.807604166666667	5.39	8.61
5775010	2021-02-20 00:00:00	2021	2021	2	4.457916666666667	4.16	5.39
5775010	2021-02-21 00:00:00	2021	2021	2	3.5745833333333334	3.27	4.16
5775010	2021-02-22 00:00:00	2021	2021	2	2.621354166666667	2.23	3.15
5775010	2021-02-23 00:00:00	2021	2021	2	1.9757291666666668	1.8	2.23
5775010	2021-02-24 00:00:00	2021	2021	2	1.6729166666666666	1.6	1.8
5775010	2021-02-25 00:00:00	2021	2021	2	1.4873958333333333	1.41	1.6
5775010	2021-02-26 00:00:00	2021	2021	2	1.2029166666666666	1.04	1.8
5775010	2021-02-27 00:00:00	2021	2021	2	1.1409375	1.04	1.5
5775010	2021-02-28 00:00:00	2021	2021	2	0.9575833333333333	0.954	1.04
5775010	2021-03-01 00:00:00	2021	2021	3	0.8788125	0.87	1.04
5775010	2021-03-02 00:00:00	2021	2021	3	0.7956875	0.788	0.87
5775010	2021-03-03 00:00:00	2021	2021	3	0.7300729166666666	0.705	0.788
5775010	2021-03-04 00:00:00	2021	2021	3	0.99621875	0.705	1.91
5775010	2021-03-05 00:00:00	2021	2021	3	1.0313333333333334	0.87	1.22
5775010	2021-03-06 00:00:00	2021	2021	3	0.8008125	0.788	0.87
5775010	2021-03-07 00:00:00	2021	2021	3	0.7136458333333333	0.705	0.788
5775010	2021-03-08 00:00:00	2021	2021	3	0.72575	0.705	0.788
5775010	2021-03-09 00:00:00	2021	2021	3	0.6548333333333334	0.649	0.705
5775010	2021-03-10 00:00:00	2021	2021	3	0.6324375	0.596	0.649
5775010	2021-03-11 00:00:00	2021	2021	3	0.64790625	0.596	0.87
5775010	2021-03-12 00:00:00	2021	2021	3	0.6887083333333334	0.649	0.87
5775010	2021-03-13 00:00:00	2021	2021	3	0.6513854166666667	0.596	0.705
5775010	2021-03-14 00:00:00	2021	2021	3	0.59640625	0.498	0.649
5775010	2021-03-15 00:00:00	2021	2021	3	0.5824895833333333	0.498	0.705
5775010	2021-03-16 00:00:00	2021	2021	3	0.6264895833333334	0.546	0.87
5775010	2021-03-17 00:00:00	2021	2021	3	0.6639270833333333	0.596	0.87
5775010	2021-03-18 00:00:00	2021	2021	3	0.6288020833333333	0.596	0.705
5775010	2021-03-19 00:00:00	2021	2021	3	0.85021875	0.705	1.13
5775010	2021-03-20 00:00:00	2021	2021	3	0.8432708333333333	0.788	1.04
5775010	2021-03-21 00:00:00	2021	2021	3	0.9168333333333333	0.788	1.13
5775010	2021-03-22 00:00:00	2021	2021	3	1.094375	1.04	1.13
5775010	2021-03-23 00:00:00	2021	2021	3	1.0861458333333334	0.954	1.22
5775010	2021-03-24 00:00:00	2021	2021	3	0.9060625	0.87	1.04
5775010	2021-03-25 00:00:00	2021	2021	3	0.7853125	0.705	0.87
5775010	2021-03-26 00:00:00	2021	2021	3	0.6600833333333334	0.649	0.705
5775010	2021-03-27 00:00:00	2021	2021	3	0.6868229166666666	0.649	0.87
5775010	2021-03-28 00:00:00	2021	2021	3	0.60759375	0.596	0.649
5775010	2021-03-29 00:00:00	2021	2021	3	0.5699583333333333	0.546	0.596
5775010	2021-03-30 00:00:00	2021	2021	3	0.546	0.546	0.546
5775010	2021-03-31 00:00:00	2021	2021	3	0.546	0.546	0.546
5775010	2021-04-01 00:00:00	2021	2021	4	0.501	0.498	0.546
5775010	2021-04-02 00:00:00	2021	2021	4	0.49164583333333334	0.452	0.546
5775010	2021-04-03 00:00:00	2021	2021	4	0.5111666666666667	0.498	0.596
5775010	2021-04-04 00:00:00	2021	2021	4	0.4539166666666667	0.452	0.498
5775010	2021-04-05 00:00:00	2021	2021	4	0.6266354166666667	0.452	1.13
5775010	2021-04-06 00:00:00	2021	2021	4	0.65434375	0.498	0.788
5775010	2021-04-07 00:00:00	2021	2021	4	0.5982083333333333	0.596	0.649
5775010	2021-04-08 00:00:00	2021	2021	4	0.5548541666666666	0.546	0.596
5775010	2021-04-09 00:00:00	2021	2021	4	0.518	0.498	0.546
5775010	2021-04-10 00:00:00	2021	2021	4	0.498	0.498	0.498
5775010	2021-04-11 00:00:00	2021	2021	4	0.498	0.498	0.498
5775010	2021-04-12 00:00:00	2021	2021	4	0.61146875	0.498	0.705
5775010	2021-04-13 00:00:00	2021	2021	4	0.5506875	0.546	0.596
5775010	2021-04-14 00:00:00	2021	2021	4	0.506	0.498	0.546
5775010	2021-04-15 00:00:00	2021	2021	4	0.5065	0.498	0.546
5775010	2021-04-16 00:00:00	2021	2021	4	0.5628541666666667	0.498	0.596
5775010	2021-04-17 00:00:00	2021	2021	4	0.546	0.546	0.546
5775010	2021-04-18 00:00:00	2021	2021	4	0.57315625	0.546	0.649
5775010	2021-04-19 00:00:00	2021	2021	4	0.5506875	0.546	0.596
5775010	2021-04-20 00:00:00	2021	2021	4	0.502	0.498	0.546
5775010	2021-04-21 00:00:00	2021	2021	4	0.498	0.498	0.498
5775010	2021-04-22 00:00:00	2021	2021	4	0.45439583333333333	0.452	0.498
5775010	2021-04-23 00:00:00	2021	2021	4	0.452	0.452	0.452
5775010	2021-04-24 00:00:00	2021	2021	4	0.41571875	0.409	0.452
5775010	2021-04-25 00:00:00	2021	2021	4	0.409	0.409	0.409
5775010	2021-04-26 00:00:00	2021	2021	4	0.409	0.409	0.409
5775010	2021-04-27 00:00:00	2021	2021	4	0.409	0.409	0.409
5775010	2021-04-28 00:00:00	2021	2021	4	0.409	0.409	0.409
5775010	2021-04-29 00:00:00	2021	2021	4	0.409	0.409	0.409
5775010	2021-04-30 00:00:00	2021	2021	4	0.3815	0.369	0.409
5775010	2021-05-01 00:00:00	2021	2021	5	0.409	0.409	0.409
5775010	2021-05-02 00:00:00	2021	2021	5	0.7181041666666667	0.409	0.954
5775010	2021-05-03 00:00:00	2021	2021	5	0.49322916666666666	0.452	0.596
5775010	2021-05-04 00:00:00	2021	2021	5	0.44035416666666666	0.409	0.452
5775010	2021-05-05 00:00:00	2021	2021	5	0.43186458333333333	0.409	0.498
5775010	2021-05-06 00:00:00	2021	2021	5	0.4094479166666667	0.409	0.409
5775010	2021-05-07 00:00:00	2021	2021	5	0.45860416666666665	0.409	0.546
5775010	2021-05-08 00:00:00	2021	2021	5	0.409	0.409	0.409
5775010	2021-05-09 00:00:00	2021	2021	5	0.3760833333333333	0.369	0.409
5775010	2021-05-10 00:00:00	2021	2021	5	0.3894166666666667	0.369	0.409
5775010	2021-05-11 00:00:00	2021	2021	5	0.43196875	0.409	0.596
5775010	2021-05-12 00:00:00	2021	2021	5	2.2174375	0.498	4.16
5775010	2021-05-13 00:00:00	2021	2021	5	7.087604166666667	3.4	10.6
5775010	2021-05-14 00:00:00	2021	2021	5	5.9071875	4.16	9.44
5775010	2021-05-15 00:00:00	2021	2021	5	3.2386458333333334	2.79	4.16
5775010	2021-05-16 00:00:00	2021	2021	5	2.678541666666667	2.34	3.4
5775010	2021-05-17 00:00:00	2021	2021	5	2.1220833333333333	1.8	2.45
5775010	2021-05-18 00:00:00	2021	2021	5	1.7129166666666666	1.6	1.91
5775010	2021-05-19 00:00:00	2021	2021	5	1.7096875	1.6	1.91
5775010	2021-05-20 00:00:00	2021	2021	5	1.6166666666666667	1.5	1.8
5775010	2021-05-21 00:00:00	2021	2021	5	1.3684375	1.22	1.5
5775010	2021-05-22 00:00:00	2021	2021	5	1.2217708333333333	1.13	1.5
5775010	2021-05-23 00:00:00	2021	2021	5	1.0559375	1.04	1.13
5775010	2021-05-24 00:00:00	2021	2021	5	0.9611666666666666	0.954	1.04
5775010	2021-05-25 00:00:00	2021	2021	5	0.8980416666666666	0.87	1.04
5775010	2021-05-26 00:00:00	2021	2021	5	0.9302291666666667	0.788	1.8
5775010	2021-05-27 00:00:00	2021	2021	5	1.0038541666666667	0.788	1.7
5775010	2021-05-28 00:00:00	2021	2021	5	0.9178541666666666	0.788	1.31
5775010	2021-05-29 00:00:00	2021	2021	5	1.0570625	0.788	1.7
5775010	2021-05-30 00:00:00	2021	2021	5	0.7689791666666667	0.705	0.788
5775010	2021-05-31 00:00:00	2021	2021	5	0.705	0.705	0.705
5775010	2021-06-01 00:00:00	2021	2021	6	0.6495833333333333	0.649	0.705
5775010	2021-06-02 00:00:00	2021	2021	6	0.649	0.649	0.649
5775010	2021-06-03 00:00:00	2021	2021	6	0.6037291666666667	0.596	0.649
5775010	2021-06-04 00:00:00	2021	2021	6	0.596	0.596	0.596
5775010	2021-06-05 00:00:00	2021	2021	6	0.70146875	0.596	1.31
5775010	2021-06-06 00:00:00	2021	2021	6	1.3895	0.705	4.29
5775010	2021-06-07 00:00:00	2021	2021	6	0.8516458333333333	0.705	1.13
5775010	2021-06-08 00:00:00	2021	2021	6	0.68925	0.649	0.705
5775010	2021-06-09 00:00:00	2021	2021	6	0.7067916666666667	0.649	0.87
5775010	2021-06-10 00:00:00	2021	2021	6	0.9196875	0.596	3.77
5775010	2021-06-11 00:00:00	2021	2021	6	0.8740729166666666	0.649	1.91
5775010	2021-06-12 00:00:00	2021	2021	6	0.602625	0.596	0.649
5775010	2021-06-13 00:00:00	2021	2021	6	0.5548541666666666	0.546	0.596
5775010	2021-06-14 00:00:00	2021	2021	6	0.537	0.498	0.546
5775010	2021-06-15 00:00:00	2021	2021	6	0.498	0.498	0.498
5775010	2021-06-16 00:00:00	2021	2021	6	0.498	0.498	0.498
5775010	2021-06-17 00:00:00	2021	2021	6	0.48554166666666665	0.452	0.498
5775010	2021-06-18 00:00:00	2021	2021	6	0.452	0.452	0.452
5775010	2021-06-19 00:00:00	2021	2021	6	0.4416979166666667	0.409	0.452
5775010	2021-06-20 00:00:00	2021	2021	6	0.409	0.409	0.409
5775010	2021-06-21 00:00:00	2021	2021	6	0.8824583333333333	0.409	2.45
5775010	2021-06-22 00:00:00	2021	2021	6	0.5088125	0.452	0.546
5775010	2021-06-23 00:00:00	2021	2021	6	0.6865416666666667	0.452	1.31
5775010	2021-06-24 00:00:00	2021	2021	6	0.5324166666666666	0.498	0.596
5775010	2021-06-25 00:00:00	2021	2021	6	1.1629479166666667	0.498	6.42
5775010	2021-06-26 00:00:00	2021	2021	6	0.6831875	0.546	1.22
5775010	2021-06-27 00:00:00	2021	2021	6	0.501	0.498	0.546
5775010	2021-06-28 00:00:00	2021	2021	6	0.45535416666666667	0.452	0.498
5775010	2021-06-29 00:00:00	2021	2021	6	0.48575	0.452	0.596
5775010	2021-06-30 00:00:00	2021	2021	6	0.5430104166666667	0.498	0.87
5775010	2021-07-01 00:00:00	2021	2021	7	0.4539166666666667	0.452	0.498
5775010	2021-07-02 00:00:00	2021	2021	7	0.5446458333333334	0.452	0.705
5775010	2021-07-03 00:00:00	2021	2021	7	0.45870833333333333	0.452	0.498
5775010	2021-07-04 00:00:00	2021	2021	7	0.5808854166666667	0.409	1.41
5775010	2021-07-05 00:00:00	2021	2021	7	0.8588958333333333	0.546	2.12
5775010	2021-07-06 00:00:00	2021	2021	7	0.5757916666666667	0.498	0.788
5775010	2021-07-07 00:00:00	2021	2021	7	1.4934583333333333	0.649	2.79
5775010	2021-07-08 00:00:00	2021	2021	7	1.0139270833333334	0.596	2.01
5775010	2021-07-09 00:00:00	2021	2021	7	11.735458333333334	0.954	25.5
5775010	2021-07-10 00:00:00	2021	2021	7	3.6054166666666667	2.12	6.57
5775010	2021-07-11 00:00:00	2021	2021	7	2.4359375	1.5	5.68
5775010	2021-07-12 00:00:00	2021	2021	7	2.191145833333333	1.5	3.03
5775010	2021-07-13 00:00:00	2021	2021	7	1.3942708333333333	1.13	2.68
5775010	2021-07-14 00:00:00	2021	2021	7	1.3113333333333332	0.954	2.68
5775010	2021-07-15 00:00:00	2021	2021	7	0.9582708333333333	0.87	1.13
5775010	2021-07-16 00:00:00	2021	2021	7	0.7713958333333333	0.705	0.87
5775010	2021-07-17 00:00:00	2021	2021	7	1.7164375	0.705	2.91
5775010	2021-07-18 00:00:00	2021	2021	7	1.27475	0.954	1.7
5775010	2021-07-19 00:00:00	2021	2021	7	0.9756666666666667	0.87	1.04
5775010	2021-07-20 00:00:00	2021	2021	7	0.854625	0.788	0.87
5775010	2021-07-21 00:00:00	2021	2021	7	0.7210416666666667	0.649	0.788
5775010	2021-07-22 00:00:00	2021	2021	7	0.63575	0.596	0.649
5775010	2021-07-23 00:00:00	2021	2021	7	0.596	0.596	0.596
5775010	2021-07-24 00:00:00	2021	2021	7	0.5657916666666667	0.546	0.596
5775010	2021-07-25 00:00:00	2021	2021	7	0.5508125	0.546	0.649
5775010	2021-07-26 00:00:00	2021	2021	7	0.546	0.546	0.546
5775010	2021-07-27 00:00:00	2021	2021	7	0.5065	0.498	0.546
5775010	2021-07-28 00:00:00	2021	2021	7	0.498	0.498	0.498
5775010	2021-07-29 00:00:00	2021	2021	7	0.4706875	0.452	0.498
5775010	2021-07-30 00:00:00	2021	2021	7	0.452	0.452	0.452
5775010	2021-07-31 00:00:00	2021	2021	7	0.4475208333333333	0.409	0.452
5775010	2021-08-01 00:00:00	2021	2021	8	0.46834375	0.409	0.596
5775010	2021-08-02 00:00:00	2021	2021	8	0.6527083333333333	0.498	1.5
5775010	2021-08-03 00:00:00	2021	2021	8	0.8851041666666667	0.498	2.68
5775010	2021-08-04 00:00:00	2021	2021	8	0.6969895833333334	0.649	1.13
5775010	2021-08-05 00:00:00	2021	2021	8	0.76625	0.649	1.91
5775010	2021-08-06 00:00:00	2021	2021	8	0.6107604166666667	0.546	0.788
5775010	2021-08-07 00:00:00	2021	2021	8	0.63421875	0.546	1.13
5775010	2021-08-08 00:00:00	2021	2021	8	0.6398229166666667	0.546	0.954
5775010	2021-08-09 00:00:00	2021	2021	8	0.48480208333333336	0.409	0.546
5775010	2021-08-10 00:00:00	2021	2021	8	0.4667604166666667	0.409	0.87
5775010	2021-08-11 00:00:00	2021	2021	8	0.6834791666666666	0.452	1.31
5775010	2021-08-12 00:00:00	2021	2021	8	0.452	0.452	0.452
5775010	2021-08-13 00:00:00	2021	2021	8	0.4484166666666667	0.409	0.452
5775010	2021-08-14 00:00:00	2021	2021	8	0.409	0.409	0.409
5775010	2021-08-15 00:00:00	2021	2021	8	0.409	0.409	0.409
5775010	2021-08-16 00:00:00	2021	2021	8	0.41525	0.409	0.596
5775010	2021-08-17 00:00:00	2021	2021	8	0.4879895833333333	0.409	0.649
5775010	2021-08-18 00:00:00	2021	2021	8	0.41213541666666664	0.409	0.452
5775010	2021-08-19 00:00:00	2021	2021	8	0.409	0.409	0.409
5775010	2021-08-20 00:00:00	2021	2021	8	0.3769166666666667	0.369	0.409
5775010	2021-08-21 00:00:00	2021	2021	8	0.369	0.369	0.369
5775010	2021-08-22 00:00:00	2021	2021	8	0.3715	0.369	0.409
5775010	2021-08-23 00:00:00	2021	2021	8	3.9876666666666667	0.409	7.8
5775010	2021-08-24 00:00:00	2021	2021	8	2.362604166666667	1.22	4.7
5775010	2021-08-25 00:00:00	2021	2021	8	0.9747916666666666	0.788	1.22
5775010	2021-08-26 00:00:00	2021	2021	8	1.227625	0.788	1.6
5775010	2021-08-27 00:00:00	2021	2021	8	3.1345833333333335	1.22	8.44
5775010	2021-08-28 00:00:00	2021	2021	8	11.504583333333333	5.97	21.3
5775010	2021-08-29 00:00:00	2021	2021	8	5.678645833333333	3.15	9.27
5775010	2021-08-30 00:00:00	2021	2021	8	2.9179166666666667	2.68	3.77
5775010	2021-08-31 00:00:00	2021	2021	8	4.5294791666666665	3.27	5.83
5775010	2021-09-01 00:00:00	2021	2021	9	2.3245833333333334	1.8	3.15
5775010	2021-09-02 00:00:00	2021	2021	9	1.5844791666666667	1.31	1.8
5775010	2021-09-03 00:00:00	2021	2021	9	1.255625	1.22	1.31
5775010	2021-09-04 00:00:00	2021	2021	9	1.1234375	1.04	1.22
5775010	2021-09-05 00:00:00	2021	2021	9	1.0149166666666667	0.954	1.04
5775010	2021-09-06 00:00:00	2021	2021	9	0.8696875	0.788	0.954
5775010	2021-09-07 00:00:00	2021	2021	9	0.72834375	0.705	0.788
5775010	2021-09-08 00:00:00	2021	2021	9	0.8411875	0.649	1.04
5775010	2021-09-09 00:00:00	2021	2021	9	0.911125	0.87	0.954
5775010	2021-09-10 00:00:00	2021	2021	9	0.8529583333333334	0.788	0.954
5775010	2021-09-11 00:00:00	2021	2021	9	1.549	0.788	3.4
5775010	2021-09-12 00:00:00	2021	2021	9	1.4533333333333334	1.13	2.12
5775010	2021-09-13 00:00:00	2021	2021	9	1.0207083333333333	0.954	1.13
5775010	2021-09-14 00:00:00	2021	2021	9	0.916375	0.87	0.954
5775010	2021-09-15 00:00:00	2021	2021	9	0.8735625	0.788	0.954
5775010	2021-09-16 00:00:00	2021	2021	9	1.0574166666666667	0.87	1.31
5775010	2021-09-17 00:00:00	2021	2021	9	0.890125	0.87	0.954
5775010	2021-09-18 00:00:00	2021	2021	9	0.8460833333333333	0.788	0.87
5775010	2021-09-19 00:00:00	2021	2021	9	0.8204583333333333	0.788	0.87
5775010	2021-09-20 00:00:00	2021	2021	9	0.7808854166666667	0.705	0.87
5775010	2021-09-21 00:00:00	2021	2021	9	0.7404479166666667	0.705	0.788
5775010	2021-09-22 00:00:00	2021	2021	9	0.7119166666666666	0.705	0.788
5775010	2021-09-23 00:00:00	2021	2021	9	0.498	0.498	0.498
5775010	2021-09-24 00:00:00	2021	2021	9	0.498	0.498	0.498
5775010	2021-09-25 00:00:00	2021	2021	9	0.498	0.498	0.498
5775010	2021-09-26 00:00:00	2021	2021	9	0.498	0.498	0.498
5775010	2021-09-27 00:00:00	2021	2021	9	0.6685520833333334	0.498	0.87
5775010	2021-09-28 00:00:00	2021	2021	9	0.6285729166666667	0.546	0.87
5775010	2021-09-29 00:00:00	2021	2021	9	0.6795208333333334	0.546	1.22
5775010	2021-09-30 00:00:00	2021	2021	9	0.5215	0.498	0.546
5775010	2021-10-01 00:00:00	2021	2021	10	0.498	0.498	0.498
5775010	2021-10-02 00:00:00	2021	2021	10	0.45679166666666665	0.452	0.498
5775010	2021-10-03 00:00:00	2021	2021	10	0.452	0.452	0.452
5775010	2021-10-04 00:00:00	2021	2021	10	0.452	0.452	0.452
5775010	2021-10-05 00:00:00	2021	2021	10	0.90271875	0.452	1.6
5775010	2021-10-06 00:00:00	2021	2021	10	0.5983958333333333	0.546	0.705
5775010	2021-10-07 00:00:00	2021	2021	10	0.546	0.546	0.546
5775010	2021-10-08 00:00:00	2021	2021	10	0.5245	0.498	0.546
5775010	2021-10-09 00:00:00	2021	2021	10	0.4908125	0.452	0.498
5775010	2021-10-10 00:00:00	2021	2021	10	0.45065625	0.409	0.452
5775010	2021-10-11 00:00:00	2021	2021	10	0.4893645833333333	0.409	0.87
5775010	2021-10-12 00:00:00	2021	2021	10	0.7845625	0.546	1.22
5775010	2021-10-13 00:00:00	2021	2021	10	0.7201979166666667	0.596	0.954
5775010	2021-10-14 00:00:00	2021	2021	10	1.3229583333333332	0.596	2.01
5775010	2021-10-15 00:00:00	2021	2021	10	1.6177083333333333	1.6	1.7
5775010	2021-10-16 00:00:00	2021	2021	10	1.6	1.6	1.6
5775010	2021-10-17 00:00:00	2021	2021	10	1.534375	1.5	1.6
5775010	2021-10-18 00:00:00	2021	2021	10	1.5	1.5	1.5
5775010	2021-10-19 00:00:00	2021	2021	10	1.7570833333333333	1.13	2.12
5775010	2021-10-20 00:00:00	2021	2021	10	1.6828125	0.498	1.8
5775010	2021-10-21 00:00:00	2021	2021	10	1.8920833333333333	1.7	2.23
5775010	2021-10-22 00:00:00	2021	2021	10	2.0248958333333333	2.01	2.12
5775010	2021-10-23 00:00:00	2021	2021	10	2.0271875	2.01	2.12
5775010	2021-10-24 00:00:00	2021	2021	10	2.01	2.01	2.01
5775010	2021-10-25 00:00:00	2021	2021	10	2.01	2.01	2.01
5775010	2021-10-26 00:00:00	2021	2021	10	2.0283333333333333	2.01	2.45
5775010	2021-10-27 00:00:00	2021	2021	10	1.9823333333333333	0.954	2.01
5775010	2021-10-28 00:00:00	2021	2021	10	0.9348229166666666	0.409	2.01
5775010	2021-10-29 00:00:00	2021	2021	10	0.409	0.409	0.409
5775010	2021-10-30 00:00:00	2021	2021	10	0.409	0.409	0.409
5775010	2021-10-31 00:00:00	2021	2021	10	0.409	0.409	0.409
5775010	2021-11-01 00:00:00	2021	2022	11	0.45053125	0.369	0.596
5775010	2021-11-02 00:00:00	2021	2022	11	0.4620625	0.452	0.498
5775010	2021-11-03 00:00:00	2021	2022	11	0.41930208333333335	0.409	0.452
5775010	2021-11-04 00:00:00	2021	2022	11	2.5120104166666666	0.409	5.25
5775010	2021-11-05 00:00:00	2021	2022	11	2.7053125	2.12	3.52
5775010	2021-11-06 00:00:00	2021	2022	11	1.684375	1.22	2.34
5775010	2021-11-07 00:00:00	2021	2022	11	1.0862083333333334	0.954	1.22
5775010	2021-11-08 00:00:00	2021	2022	11	0.8573541666666666	0.788	0.954
5775010	2021-11-09 00:00:00	2021	2022	11	0.7707083333333333	0.705	0.788
5775010	2021-11-10 00:00:00	2021	2022	11	0.6322708333333333	0.596	0.705
5775010	2021-11-11 00:00:00	2021	2022	11	0.6131145833333334	0.596	0.649
5775010	2021-11-12 00:00:00	2021	2022	11	0.596	0.596	0.596
5775010	2021-11-13 00:00:00	2021	2022	11	0.596	0.596	0.596
5775010	2021-11-14 00:00:00	2021	2022	11	0.596	0.596	0.596
5775010	2021-11-15 00:00:00	2021	2022	11	0.5235416666666667	0.498	0.596
5775010	2021-11-16 00:00:00	2021	2022	11	0.498	0.498	0.498
5775010	2021-11-17 00:00:00	2021	2022	11	0.498	0.498	0.498
5775010	2021-11-18 00:00:00	2021	2022	11	0.498	0.498	0.498
5775010	2021-11-19 00:00:00	2021	2022	11	0.498	0.498	0.498
5775010	2021-11-20 00:00:00	2021	2022	11	0.49033333333333334	0.452	0.498
5775010	2021-11-21 00:00:00	2021	2022	11	0.5061666666666667	0.452	0.596
5775010	2021-11-22 00:00:00	2021	2022	11	0.5855833333333333	0.546	0.596
5775010	2021-11-23 00:00:00	2021	2022	11	0.5095	0.498	0.546
5775010	2021-11-24 00:00:00	2021	2022	11	0.4869791666666667	0.452	0.498
5775010	2021-11-25 00:00:00	2021	2022	11	0.452	0.452	0.452
5775010	2021-11-26 00:00:00	2021	2022	11	0.452	0.452	0.452
5775010	2021-11-27 00:00:00	2021	2022	11	0.452	0.452	0.452
5775010	2021-11-28 00:00:00	2021	2022	11	0.48602083333333335	0.452	0.498
5775010	2021-11-29 00:00:00	2021	2022	11	0.452	0.452	0.452
5775010	2021-11-30 00:00:00	2021	2022	11	0.8088854166666667	0.452	2.56
5775010	2021-12-01 00:00:00	2021	2022	12	2.5316666666666667	1.8	3.03
5775010	2021-12-02 00:00:00	2021	2022	12	1.3523958333333332	1.04	1.8
5775010	2021-12-03 00:00:00	2021	2022	12	0.859	0.788	1.04
5775010	2021-12-04 00:00:00	2021	2022	12	0.8617291666666667	0.788	1.41
5775010	2021-12-05 00:00:00	2021	2022	12	1.1985416666666666	1.04	1.41
5775010	2021-12-06 00:00:00	2021	2022	12	0.9837291666666667	0.87	1.04
5775010	2021-12-07 00:00:00	2021	2022	12	0.91725	0.87	0.954
5775010	2021-12-08 00:00:00	2021	2022	12	0.8153333333333334	0.788	0.87
5775010	2021-12-09 00:00:00	2021	2022	12	0.83525	0.788	0.954
5775010	2021-12-10 00:00:00	2021	2022	12	0.7523958333333334	0.705	0.87
5775010	2021-12-11 00:00:00	2021	2022	12	0.64784375	0.596	0.705
5775010	2021-12-12 00:00:00	2021	2022	12	0.6050520833333334	0.596	0.705
5775010	2021-12-13 00:00:00	2021	2022	12	1.4672083333333332	0.705	2.01
5775010	2021-12-14 00:00:00	2021	2022	12	1.561875	1.31	2.01
5775010	2021-12-15 00:00:00	2021	2022	12	1.1796875	1.04	1.31
5775010	2021-12-16 00:00:00	2021	2022	12	0.9162708333333334	0.788	1.04
5775010	2021-12-17 00:00:00	2021	2022	12	0.8042291666666667	0.788	0.87
5775010	2021-12-18 00:00:00	2021	2022	12	0.788	0.788	0.788
5775010	2021-12-19 00:00:00	2021	2022	12	0.7266145833333333	0.705	0.788
5775010	2021-12-20 00:00:00	2021	2022	12	0.7725104166666666	0.705	1.13
5775010	2021-12-21 00:00:00	2021	2022	12	0.7196979166666667	0.705	0.788
5775010	2021-12-22 00:00:00	2021	2022	12	0.705	0.705	0.705
5775010	2021-12-23 00:00:00	2021	2022	12	0.6536666666666666	0.649	0.705
5775010	2021-12-24 00:00:00	2021	2022	12	0.8573541666666666	0.649	1.04
5775010	2021-12-25 00:00:00	2021	2022	12	0.8945	0.87	0.954
5775010	2021-12-26 00:00:00	2021	2022	12	0.8144791666666666	0.788	0.87
5775010	2021-12-27 00:00:00	2021	2022	12	0.9272708333333334	0.788	1.13
5775010	2021-12-28 00:00:00	2021	2022	12	0.9540625	0.87	1.13
5775010	2021-12-29 00:00:00	2021	2022	12	1.26875	1.13	1.5
5775010	2021-12-30 00:00:00	2021	2022	12	1.4911458333333334	1.41	1.6
5775010	2021-12-31 00:00:00	2021	2022	12	1.4795833333333333	1.31	1.6
5775010	2022-01-01 00:00:00	2022	2022	1	1.390625	1.22	1.6
5775010	2022-01-02 00:00:00	2022	2022	1	1.11875	1.04	1.13
5775010	2022-01-03 00:00:00	2022	2022	1	1.4710416666666666	1.04	1.91
5775010	2022-01-04 00:00:00	2022	2022	1	7.474479166666667	1.8	12.6
5775010	2022-01-05 00:00:00	2022	2022	1	5.823958333333334	4.29	9.1
5775010	2022-01-06 00:00:00	2022	2022	1	3.225625	2.45	4.29
5775010	2022-01-07 00:00:00	2022	2022	1	2.1284375	1.91	2.45
5775010	2022-01-08 00:00:00	2022	2022	1	1.9433333333333334	1.91	2.01
5775010	2022-01-09 00:00:00	2022	2022	1	2.0317708333333333	1.8	2.68
5775010	2022-01-10 00:00:00	2022	2022	1	2.3228125	2.23	2.56
5775010	2022-01-11 00:00:00	2022	2022	1	2.2025	2.12	2.23
5775010	2022-01-12 00:00:00	2022	2022	1	1.9019791666666668	1.8	2.12
5775010	2022-01-13 00:00:00	2022	2022	1	1.61875	1.5	1.8
5775010	2022-01-14 00:00:00	2022	2022	1	1.3523958333333332	1.22	1.5
5775010	2022-01-15 00:00:00	2022	2022	1	1.22	1.22	1.22
5775010	2022-01-16 00:00:00	2022	2022	1	1.22	1.22	1.22
5775010	2022-01-17 00:00:00	2022	2022	1	1.1897083333333334	0.954	1.5
5775010	2022-01-18 00:00:00	2022	2022	1	1.17875	1.04	1.31
5775010	2022-01-19 00:00:00	2022	2022	1	1.16	1.13	1.22
5775010	2022-01-20 00:00:00	2022	2022	1	1.16375	1.04	1.22
5775010	2022-01-21 00:00:00	2022	2022	1	1.0375625	0.87	1.13
5775010	2022-01-22 00:00:00	2022	2022	1	2.8289583333333335	0.954	4.43
5775010	2022-01-23 00:00:00	2022	2022	1	4.7046875	3.9	5.39
5775010	2022-01-24 00:00:00	2022	2022	1	3.0789583333333335	2.23	4.43
5775010	2022-01-25 00:00:00	2022	2022	1	2.1497916666666668	1.8	2.68
5775010	2022-01-26 00:00:00	2022	2022	1	1.8459375	1.7	2.01
5775010	2022-01-27 00:00:00	2022	2022	1	1.5707291666666667	1.41	1.7
5775010	2022-01-28 00:00:00	2022	2022	1	1.6385416666666666	1.5	1.8
5775010	2022-01-29 00:00:00	2022	2022	1	1.5	1.5	1.5
5775010	2022-01-30 00:00:00	2022	2022	1	1.5191666666666668	1.41	1.6
5775010	2022-01-31 00:00:00	2022	2022	1	1.5110416666666666	1.22	1.91
5775010	2022-02-01 00:00:00	2022	2022	2	1.8455208333333333	1.5	2.79
5775010	2022-02-02 00:00:00	2022	2022	2	2.8323958333333334	2.23	3.4
5775010	2022-02-03 00:00:00	2022	2022	2	2.3403125	1.8	3.15
5775010	2022-02-04 00:00:00	2022	2022	2	1.9252083333333334	1.6	2.23
5775010	2022-02-05 00:00:00	2022	2022	2	1.9054166666666668	1.8	2.12
5775010	2022-02-06 00:00:00	2022	2022	2	1.7010416666666666	1.7	1.8
5775010	2022-02-07 00:00:00	2022	2022	2	1.6504166666666666	1.41	1.91
5775010	2022-02-08 00:00:00	2022	2022	2	1.4794791666666667	1.31	1.7
5775010	2022-02-09 00:00:00	2022	2022	2	1.4126041666666667	1.22	1.5
5775010	2022-02-10 00:00:00	2022	2022	2	1.40375	1.31	1.5
5775010	2022-02-11 00:00:00	2022	2022	2	2.3551041666666666	1.41	3.03
5775010	2022-02-12 00:00:00	2022	2022	2	2.5869791666666666	2.23	3.03
5775010	2022-02-13 00:00:00	2022	2022	2	2.2116666666666664	2.12	2.23
5775010	2022-02-14 00:00:00	2022	2022	2	1.8854166666666667	1.6	2.23
5775010	2022-02-15 00:00:00	2022	2022	2	1.6583333333333334	1.5	1.8
5775010	2022-02-16 00:00:00	2022	2022	2	1.603125	1.41	1.7
5775010	2022-02-17 00:00:00	2022	2022	2	2.8629166666666666	1.7	3.9
5775010	2022-02-18 00:00:00	2022	2022	2	2.338020833333333	1.8	3.15
5775010	2022-02-19 00:00:00	2022	2022	2	1.90375	1.8	2.12
5775010	2022-02-20 00:00:00	2022	2022	2	1.7114583333333333	1.7	1.8
5775010	2022-02-21 00:00:00	2022	2022	2	1.6992708333333333	1.5	2.01
5775010	2022-02-22 00:00:00	2022	2022	2	1.5022916666666666	1.31	1.8
5775010	2022-02-23 00:00:00	2022	2022	2	1.3077083333333333	1.22	1.41
5775010	2022-02-24 00:00:00	2022	2022	2	1.248125	1.22	1.31
5775010	2022-02-25 00:00:00	2022	2022	2	1.3184375	1.22	1.5
5775010	2022-02-26 00:00:00	2022	2022	2	1.3102083333333334	1.22	1.41
5775010	2022-02-27 00:00:00	2022	2022	2	1.22	1.22	1.22
5775010	2022-02-28 00:00:00	2022	2022	2	1.0990625	1.04	1.22
5775010	2022-03-01 00:00:00	2022	2022	3	1.06625	1.04	1.13
5775010	2022-03-02 00:00:00	2022	2022	3	1.0571458333333332	0.954	1.13
5775010	2022-03-03 00:00:00	2022	2022	3	1.0376666666666667	0.954	1.13
5775010	2022-03-04 00:00:00	2022	2022	3	1.0122291666666667	0.954	1.04
5775010	2022-03-05 00:00:00	2022	2022	3	1.04	1.04	1.04
5775010	2022-03-06 00:00:00	2022	2022	3	0.9790833333333333	0.954	1.04
5775010	2022-03-07 00:00:00	2022	2022	3	0.898875	0.87	0.954
5775010	2022-03-08 00:00:00	2022	2022	3	0.87	0.87	0.87
5775010	2022-03-09 00:00:00	2022	2022	3	0.88325	0.87	1.04
5775010	2022-03-10 00:00:00	2022	2022	3	0.8898958333333333	0.788	0.954
5775010	2022-03-11 00:00:00	2022	2022	3	0.89975	0.87	0.954
5775010	2022-03-12 00:00:00	2022	2022	3	0.954	0.954	0.954
5775010	2022-03-13 00:00:00	2022	2022	3	0.954	0.954	0.954
5775010	2022-03-14 00:00:00	2022	2022	3	0.9871458333333333	0.788	1.41
5775010	2022-03-15 00:00:00	2022	2022	3	1.074625	0.87	1.91
5775010	2022-03-16 00:00:00	2022	2022	3	1.2453125	1.04	1.8
5775010	2022-03-17 00:00:00	2022	2022	3	1.069	0.87	1.22
5775010	2022-03-18 00:00:00	2022	2022	3	0.9465625	0.87	1.13
