#MESSTELLEN_NR	ZEIT	JAHR	HJAHR	MONAT	Q	Q_MIN	Q_MAX
577901	2020-11-01 00:00:00	2020	2021	11	0.21986458333333334	0.212	0.257
577901	2020-11-02 00:00:00	2020	2021	11	0.212	0.212	0.212
577901	2020-11-03 00:00:00	2020	2021	11	0.212	0.212	0.212
577901	2020-11-04 00:00:00	2020	2021	11	0.20780208333333333	0.191	0.257
577901	2020-11-05 00:00:00	2020	2021	11	0.22311458333333334	0.191	0.281
577901	2020-11-06 00:00:00	2020	2021	11	0.19548351648351647	0.191	0.257
577901	2020-11-10 00:00:00	2020	2021	11	0.191	0.191	0.191
577901	2020-11-11 00:00:00	2020	2021	11	0.1785	0.171	0.191
577901	2020-11-12 00:00:00	2020	2021	11	0.17391666666666666	0.171	0.191
577901	2020-11-13 00:00:00	2020	2021	11	0.17391666666666666	0.171	0.191
577901	2020-11-14 00:00:00	2020	2021	11	0.17245833333333332	0.171	0.191
577901	2020-11-15 00:00:00	2020	2021	11	0.18829166666666666	0.171	0.191
577901	2020-11-16 00:00:00	2020	2021	11	0.19058333333333333	0.171	0.191
577901	2020-11-17 00:00:00	2020	2021	11	0.18620833333333334	0.171	0.191
577901	2020-11-18 00:00:00	2020	2021	11	0.189125	0.171	0.191
577901	2020-11-19 00:00:00	2020	2021	11	0.17919791666666668	0.171	0.212
577901	2020-11-20 00:00:00	2020	2021	11	0.20504255319148937	0.191	0.281
577901	2020-11-25 00:00:00	2020	2021	11	0.2326875	0.171	0.639
577901	2020-11-26 00:00:00	2020	2021	11	0.171625	0.171	0.191
577901	2020-11-27 00:00:00	2020	2021	11	0.171	0.171	0.171
577901	2020-11-28 00:00:00	2020	2021	11	0.171	0.171	0.171
577901	2020-11-29 00:00:00	2020	2021	11	0.171	0.171	0.171
577901	2020-11-30 00:00:00	2020	2021	11	0.15952083333333333	0.152	0.171
577901	2020-12-01 00:00:00	2020	2021	12	0.16723958333333333	0.152	0.171
577901	2020-12-02 00:00:00	2020	2021	12	0.1531875	0.152	0.171
577901	2020-12-03 00:00:00	2020	2021	12	0.17523958333333334	0.152	0.281
577901	2020-12-04 00:00:00	2020	2021	12	0.17502083333333332	0.171	0.234
577901	2020-12-05 00:00:00	2020	2021	12	0.171	0.171	0.171
577901	2020-12-06 00:00:00	2020	2021	12	0.171	0.171	0.171
577901	2020-12-07 00:00:00	2020	2021	12	0.16803125	0.152	0.171
577901	2020-12-08 00:00:00	2020	2021	12	0.152	0.152	0.152
577901	2020-12-09 00:00:00	2020	2021	12	0.19063541666666667	0.152	0.234
577901	2020-12-10 00:00:00	2020	2021	12	0.1958125	0.191	0.212
577901	2020-12-11 00:00:00	2020	2021	12	0.182875	0.171	0.191
577901	2020-12-12 00:00:00	2020	2021	12	0.171	0.171	0.171
577901	2020-12-13 00:00:00	2020	2021	12	0.171	0.171	0.171
577901	2020-12-14 00:00:00	2020	2021	12	0.16664583333333333	0.152	0.171
577901	2020-12-15 00:00:00	2020	2021	12	0.16189583333333332	0.152	0.171
577901	2020-12-16 00:00:00	2020	2021	12	0.28367708333333336	0.152	1.08
577901	2020-12-17 00:00:00	2020	2021	12	0.16310416666666666	0.134	0.191
577901	2020-12-18 00:00:00	2020	2021	12	0.134	0.134	0.134
577901	2020-12-19 00:00:00	2020	2021	12	0.134	0.134	0.134
577901	2020-12-20 00:00:00	2020	2021	12	0.1355	0.134	0.152
577901	2020-12-21 00:00:00	2020	2021	12	0.13098958333333333	0.117	0.134
577901	2020-12-22 00:00:00	2020	2021	12	0.11320833333333333	0.087	0.134
577901	2020-12-23 00:00:00	2020	2021	12	0.17014583333333333	0.087	0.257
577901	2020-12-24 00:00:00	2020	2021	12	0.20019791666666667	0.171	0.234
577901	2020-12-25 00:00:00	2020	2021	12	0.171	0.171	0.171
577901	2020-12-26 00:00:00	2020	2021	12	0.1385	0.134	0.152
577901	2020-12-27 00:00:00	2020	2021	12	0.134	0.134	0.134
577901	2020-12-28 00:00:00	2020	2021	12	0.16484375	0.134	0.191
577901	2020-12-29 00:00:00	2020	2021	12	0.16367708333333333	0.152	0.171
577901	2020-12-30 00:00:00	2020	2021	12	0.16427083333333334	0.152	0.171
577901	2020-12-31 00:00:00	2020	2021	12	0.171	0.171	0.171
577901	2021-01-01 00:00:00	2021	2021	1	0.171	0.171	0.171
577901	2021-01-02 00:00:00	2021	2021	1	0.171	0.171	0.171
577901	2021-01-03 00:00:00	2021	2021	1	0.181	0.171	0.191
577901	2021-01-04 00:00:00	2021	2021	1	0.193625	0.191	0.212
577901	2021-01-05 00:00:00	2021	2021	1	0.191	0.191	0.191
577901	2021-01-06 00:00:00	2021	2021	1	0.2115625	0.191	0.212
577901	2021-01-07 00:00:00	2021	2021	1	0.2305	0.212	0.305
577901	2021-01-08 00:00:00	2021	2021	1	0.19319791666666666	0.191	0.234
577901	2021-01-09 00:00:00	2021	2021	1	0.198875	0.191	0.212
577901	2021-01-10 00:00:00	2021	2021	1	0.35284375	0.191	0.604
577901	2021-01-11 00:00:00	2021	2021	1	0.27789583333333334	0.212	0.358
577901	2021-01-12 00:00:00	2021	2021	1	0.22914583333333333	0.212	0.257
577901	2021-01-13 00:00:00	2021	2021	1	0.21911458333333333	0.191	0.257
577901	2021-01-14 00:00:00	2021	2021	1	0.19625	0.191	0.212
577901	2021-01-15 00:00:00	2021	2021	1	0.1931875	0.191	0.212
577901	2021-01-16 00:00:00	2021	2021	1	0.191	0.191	0.191
577901	2021-01-17 00:00:00	2021	2021	1	0.19426041666666666	0.152	0.234
577901	2021-01-18 00:00:00	2021	2021	1	0.22297916666666667	0.117	0.281
577901	2021-01-19 00:00:00	2021	2021	1	0.21588541666666666	0.191	0.257
577901	2021-01-20 00:00:00	2021	2021	1	0.2973125	0.257	0.331
577901	2021-01-21 00:00:00	2021	2021	1	0.30245833333333333	0.281	0.331
577901	2021-01-22 00:00:00	2021	2021	1	0.2620104166666667	0.234	0.281
577901	2021-01-23 00:00:00	2021	2021	1	0.3106770833333333	0.257	0.385
577901	2021-01-24 00:00:00	2021	2021	1	0.3394375	0.331	0.358
577901	2021-01-25 00:00:00	2021	2021	1	0.32747916666666665	0.305	0.331
577901	2021-01-26 00:00:00	2021	2021	1	0.3106041666666667	0.281	0.331
577901	2021-01-27 00:00:00	2021	2021	1	0.281	0.281	0.281
577901	2021-01-28 00:00:00	2021	2021	1	0.3225	0.281	0.537
577901	2021-01-29 00:00:00	2021	2021	1	0.8669895833333333	0.505	2.13
577901	2021-01-30 00:00:00	2021	2021	1	1.5555208333333332	1.03	2.01
577901	2021-01-31 00:00:00	2021	2021	1	0.75540625	0.604	1.03
577901	2021-02-01 00:00:00	2021	2021	2	0.7762604166666667	0.505	1.17
577901	2021-02-02 00:00:00	2021	2021	2	1.1146458333333333	0.948	1.26
577901	2021-02-03 00:00:00	2021	2021	2	1.3594791666666666	1.26	1.56
577901	2021-02-04 00:00:00	2021	2021	2	2.5734375	1.56	3.53
577901	2021-02-05 00:00:00	2021	2021	2	2.979791666666667	2.32	3.36
577901	2021-02-06 00:00:00	2021	2021	2	2.2279166666666668	2.13	2.32
577901	2021-02-07 00:00:00	2021	2021	2	2.09125	2.01	2.13
577901	2021-02-08 00:00:00	2021	2021	2	1.46015625	0.787	2.01
577901	2021-02-09 00:00:00	2021	2021	2	0.8898645833333333	0.748	0.948
577901	2021-02-10 00:00:00	2021	2021	2	1.3914444444444445	0.866	1.9
577901	2021-02-16 00:00:00	2021	2021	2	0.52315625	0.505	0.57
577901	2021-02-17 00:00:00	2021	2021	2	1.5166145833333333	0.57	4.23
577901	2021-02-18 00:00:00	2021	2021	2	3.3998958333333333	2.51	4.11
577901	2021-02-19 00:00:00	2021	2021	2	2.1533333333333333	1.9	2.51
577901	2021-02-20 00:00:00	2021	2021	2	1.7380208333333333	1.62	1.9
577901	2021-02-21 00:00:00	2021	2021	2	1.5484375	1.46	1.67
577901	2021-02-22 00:00:00	2021	2021	2	1.2128958333333333	0.906	1.46
577901	2021-02-23 00:00:00	2021	2021	2	0.81053125	0.711	0.906
577901	2021-02-24 00:00:00	2021	2021	2	0.6754895833333333	0.57	0.787
577901	2021-02-25 00:00:00	2021	2021	2	0.5877083333333334	0.57	0.604
577901	2021-02-26 00:00:00	2021	2021	2	0.564375	0.505	0.604
577901	2021-02-27 00:00:00	2021	2021	2	0.5382604166666667	0.505	0.604
577901	2021-02-28 00:00:00	2021	2021	2	0.547	0.505	0.57
577901	2021-03-01 00:00:00	2021	2021	3	0.5697083333333334	0.537	0.604
577901	2021-03-02 00:00:00	2021	2021	3	0.5884166666666667	0.57	0.604
577901	2021-03-03 00:00:00	2021	2021	3	0.54971875	0.537	0.57
577901	2021-03-04 00:00:00	2021	2021	3	0.57965625	0.537	0.711
577901	2021-03-05 00:00:00	2021	2021	3	0.6770208333333333	0.639	0.711
577901	2021-03-06 00:00:00	2021	2021	3	0.6955833333333333	0.674	0.711
577901	2021-03-07 00:00:00	2021	2021	3	0.68903125	0.674	0.711
577901	2021-03-08 00:00:00	2021	2021	3	0.5983125	0.414	0.674
577901	2021-03-09 00:00:00	2021	2021	3	0.414	0.414	0.414
577901	2021-03-10 00:00:00	2021	2021	3	0.40530208333333334	0.385	0.474
577901	2021-03-11 00:00:00	2021	2021	3	0.363625	0.358	0.385
577901	2021-03-12 00:00:00	2021	2021	3	0.36435416666666665	0.358	0.414
577901	2021-03-13 00:00:00	2021	2021	3	0.414	0.414	0.414
577901	2021-03-14 00:00:00	2021	2021	3	0.3892291666666667	0.385	0.414
577901	2021-03-15 00:00:00	2021	2021	3	0.41992708333333334	0.385	0.474
577901	2021-03-16 00:00:00	2021	2021	3	0.48623958333333334	0.443	0.57
577901	2021-03-17 00:00:00	2021	2021	3	0.4585	0.443	0.474
577901	2021-03-18 00:00:00	2021	2021	3	0.45380208333333333	0.443	0.57
577901	2021-03-19 00:00:00	2021	2021	3	0.52525	0.443	0.748
577901	2021-03-20 00:00:00	2021	2021	3	0.5927604166666667	0.537	0.674
577901	2021-03-21 00:00:00	2021	2021	3	0.55384375	0.537	0.57
577901	2021-03-22 00:00:00	2021	2021	3	0.5318645833333333	0.505	0.57
577901	2021-03-23 00:00:00	2021	2021	3	0.5280208333333334	0.505	0.57
577901	2021-03-24 00:00:00	2021	2021	3	0.53940625	0.537	0.57
577901	2021-03-25 00:00:00	2021	2021	3	0.5045729166666667	0.443	0.537
577901	2021-03-26 00:00:00	2021	2021	3	0.4473020833333333	0.414	0.505
577901	2021-03-27 00:00:00	2021	2021	3	0.39708333333333334	0.385	0.414
577901	2021-03-28 00:00:00	2021	2021	3	0.367	0.331	0.385
577901	2021-03-29 00:00:00	2021	2021	3	0.331	0.331	0.331
577901	2021-03-30 00:00:00	2021	2021	3	0.3562604166666667	0.331	0.414
577901	2021-03-31 00:00:00	2021	2021	3	0.31395833333333334	0.281	0.358
577901	2021-04-01 00:00:00	2021	2021	4	0.31095833333333334	0.305	0.331
577901	2021-04-02 00:00:00	2021	2021	4	0.305	0.305	0.305
577901	2021-04-03 00:00:00	2021	2021	4	0.31502083333333336	0.305	0.331
577901	2021-04-04 00:00:00	2021	2021	4	0.33003125	0.305	0.358
577901	2021-04-05 00:00:00	2021	2021	4	0.33651041666666665	0.305	0.385
577901	2021-04-06 00:00:00	2021	2021	4	0.4377916666666667	0.358	0.537
577901	2021-04-07 00:00:00	2021	2021	4	0.519	0.505	0.537
577901	2021-04-08 00:00:00	2021	2021	4	0.5169375	0.474	0.639
577901	2021-04-09 00:00:00	2021	2021	4	0.505	0.505	0.505
577901	2021-04-10 00:00:00	2021	2021	4	0.505	0.505	0.505
577901	2021-04-11 00:00:00	2021	2021	4	0.50403125	0.474	0.505
577901	2021-04-12 00:00:00	2021	2021	4	0.4710520833333333	0.414	0.505
577901	2021-04-13 00:00:00	2021	2021	4	0.41002083333333333	0.385	0.474
577901	2021-04-14 00:00:00	2021	2021	4	0.39345833333333335	0.385	0.443
577901	2021-04-15 00:00:00	2021	2021	4	0.36836458333333333	0.358	0.474
577901	2021-04-16 00:00:00	2021	2021	4	0.358	0.358	0.358
577901	2021-04-17 00:00:00	2021	2021	4	0.358	0.358	0.358
577901	2021-04-18 00:00:00	2021	2021	4	0.5823854166666667	0.358	0.826
577901	2021-04-19 00:00:00	2021	2021	4	0.48271875	0.414	0.604
577901	2021-04-20 00:00:00	2021	2021	4	0.40109375	0.385	0.505
577901	2021-04-21 00:00:00	2021	2021	4	0.35996875	0.358	0.385
577901	2021-04-22 00:00:00	2021	2021	4	0.34611458333333334	0.305	0.358
577901	2021-04-23 00:00:00	2021	2021	4	0.284	0.281	0.305
577901	2021-04-24 00:00:00	2021	2021	4	0.281	0.281	0.281
577901	2021-04-25 00:00:00	2021	2021	4	0.281	0.281	0.281
577901	2021-04-26 00:00:00	2021	2021	4	0.2595	0.257	0.281
577901	2021-04-27 00:00:00	2021	2021	4	0.27075	0.257	0.281
577901	2021-04-28 00:00:00	2021	2021	4	0.281	0.281	0.281
577901	2021-04-29 00:00:00	2021	2021	4	0.29541666666666666	0.257	0.385
577901	2021-04-30 00:00:00	2021	2021	4	0.33296875	0.331	0.358
577901	2021-05-01 00:00:00	2021	2021	5	0.295125	0.281	0.331
577901	2021-05-02 00:00:00	2021	2021	5	0.3303229166666667	0.257	0.414
577901	2021-05-03 00:00:00	2021	2021	5	0.41654166666666664	0.305	0.537
577901	2021-05-04 00:00:00	2021	2021	5	0.5076770833333333	0.331	0.537
577901	2021-05-05 00:00:00	2021	2021	5	0.29430208333333335	0.234	0.305
577901	2021-05-06 00:00:00	2021	2021	5	0.2847604166666667	0.234	0.414
577901	2021-05-07 00:00:00	2021	2021	5	0.3005	0.281	0.305
577901	2021-05-08 00:00:00	2021	2021	5	0.281	0.281	0.281
577901	2021-05-09 00:00:00	2021	2021	5	0.29904166666666665	0.281	0.331
577901	2021-05-10 00:00:00	2021	2021	5	0.27003125	0.234	0.281
577901	2021-05-11 00:00:00	2021	2021	5	0.23135416666666667	0.212	0.331
577901	2021-05-12 00:00:00	2021	2021	5	0.6125	0.331	1.41
577901	2021-05-13 00:00:00	2021	2021	5	1.4370833333333333	1.22	2.44
577901	2021-05-14 00:00:00	2021	2021	5	2.1244791666666667	1.95	2.44
577901	2021-05-15 00:00:00	2021	2021	5	1.8076041666666667	1.73	1.95
577901	2021-05-16 00:00:00	2021	2021	5	1.6192708333333334	1.46	1.73
577901	2021-05-17 00:00:00	2021	2021	5	1.063875	0.505	1.62
577901	2021-05-18 00:00:00	2021	2021	5	0.46259375	0.414	0.57
577901	2021-05-19 00:00:00	2021	2021	5	0.5106770833333333	0.414	0.674
577901	2021-05-20 00:00:00	2021	2021	5	0.4906770833333333	0.443	0.604
577901	2021-05-21 00:00:00	2021	2021	5	0.40397916666666667	0.358	0.443
577901	2021-05-22 00:00:00	2021	2021	5	0.3428125	0.331	0.358
577901	2021-05-23 00:00:00	2021	2021	5	0.39509375	0.331	0.505
577901	2021-05-24 00:00:00	2021	2021	5	0.35851041666666666	0.331	0.414
577901	2021-05-25 00:00:00	2021	2021	5	0.313125	0.305	0.331
577901	2021-05-26 00:00:00	2021	2021	5	0.3081979166666667	0.281	0.443
577901	2021-05-27 00:00:00	2021	2021	5	0.4569375	0.385	0.674
577901	2021-05-28 00:00:00	2021	2021	5	0.44715625	0.414	0.537
577901	2021-05-29 00:00:00	2021	2021	5	0.39980208333333334	0.358	0.505
577901	2021-05-30 00:00:00	2021	2021	5	0.36144791666666665	0.331	0.443
577901	2021-05-31 00:00:00	2021	2021	5	0.28922916666666665	0.281	0.331
577901	2021-06-01 00:00:00	2021	2021	6	0.281	0.281	0.281
577901	2021-06-02 00:00:00	2021	2021	6	0.281	0.281	0.281
577901	2021-06-03 00:00:00	2021	2021	6	0.281	0.281	0.281
577901	2021-06-04 00:00:00	2021	2021	6	0.297375	0.281	0.474
577901	2021-06-05 00:00:00	2021	2021	6	0.2773125	0.257	0.443
577901	2021-06-06 00:00:00	2021	2021	6	1.9968125	0.443	2.98
577901	2021-06-07 00:00:00	2021	2021	6	1.4358020833333334	0.443	2.51
577901	2021-06-08 00:00:00	2021	2021	6	0.40584375	0.385	0.443
577901	2021-06-09 00:00:00	2021	2021	6	0.40452083333333333	0.331	0.604
577901	2021-06-10 00:00:00	2021	2021	6	0.4021458333333333	0.305	0.639
577901	2021-06-11 00:00:00	2021	2021	6	0.6962604166666667	0.443	1.31
577901	2021-06-12 00:00:00	2021	2021	6	0.5125833333333333	0.443	0.639
577901	2021-06-13 00:00:00	2021	2021	6	0.4785625	0.443	0.537
577901	2021-06-14 00:00:00	2021	2021	6	0.3726979166666667	0.281	0.443
577901	2021-06-15 00:00:00	2021	2021	6	0.25373958333333335	0.234	0.281
577901	2021-06-16 00:00:00	2021	2021	6	0.234	0.234	0.234
577901	2021-06-17 00:00:00	2021	2021	6	0.2230625	0.191	0.234
577901	2021-06-18 00:00:00	2021	2021	6	0.20076041666666666	0.191	0.305
577901	2021-06-19 00:00:00	2021	2021	6	0.18391666666666667	0.171	0.191
577901	2021-06-20 00:00:00	2021	2021	6	0.171	0.171	0.171
577901	2021-06-21 00:00:00	2021	2021	6	0.20898958333333334	0.171	0.257
577901	2021-06-22 00:00:00	2021	2021	6	0.21723958333333335	0.191	0.257
577901	2021-06-23 00:00:00	2021	2021	6	0.2098125	0.191	0.212
577901	2021-06-24 00:00:00	2021	2021	6	0.21504166666666666	0.191	0.257
577901	2021-06-25 00:00:00	2021	2021	6	0.2789375	0.212	0.674
577901	2021-06-26 00:00:00	2021	2021	6	0.27080208333333333	0.212	0.474
577901	2021-06-27 00:00:00	2021	2021	6	0.2154375	0.212	0.234
577901	2021-06-28 00:00:00	2021	2021	6	0.2028125	0.191	0.212
577901	2021-06-29 00:00:00	2021	2021	6	0.48484375	0.191	1.51
577901	2021-06-30 00:00:00	2021	2021	6	0.8581666666666666	0.505	1.51
577901	2021-07-01 00:00:00	2021	2021	7	0.40511458333333333	0.257	0.505
577901	2021-07-02 00:00:00	2021	2021	7	0.2715	0.257	0.305
577901	2021-07-03 00:00:00	2021	2021	7	0.2294375	0.212	0.257
577901	2021-07-04 00:00:00	2021	2021	7	0.21658333333333332	0.212	0.234
577901	2021-07-05 00:00:00	2021	2021	7	0.21041666666666667	0.191	0.234
577901	2021-07-06 00:00:00	2021	2021	7	0.20553125	0.191	0.234
577901	2021-07-07 00:00:00	2021	2021	7	0.439375	0.234	0.711
577901	2021-07-08 00:00:00	2021	2021	7	0.5821979166666666	0.305	1.36
577901	2021-07-09 00:00:00	2021	2021	7	1.7078125	1.31	2.64
577901	2021-07-10 00:00:00	2021	2021	7	1.2301354166666667	0.866	1.67
577901	2021-07-11 00:00:00	2021	2021	7	0.6622395833333333	0.57	0.866
577901	2021-07-12 00:00:00	2021	2021	7	0.7802708333333334	0.505	1.36
577901	2021-07-13 00:00:00	2021	2021	7	0.6169270833333333	0.385	0.906
577901	2021-07-14 00:00:00	2021	2021	7	0.48782291666666666	0.414	0.57
577901	2021-07-15 00:00:00	2021	2021	7	0.47228125	0.385	0.826
577901	2021-07-16 00:00:00	2021	2021	7	0.3891145833333333	0.358	0.443
577901	2021-07-17 00:00:00	2021	2021	7	0.5186770833333333	0.358	0.604
577901	2021-07-18 00:00:00	2021	2021	7	0.5638958333333334	0.505	0.639
577901	2021-07-19 00:00:00	2021	2021	7	0.45853125	0.331	0.505
577901	2021-07-20 00:00:00	2021	2021	7	0.3445	0.331	0.358
577901	2021-07-21 00:00:00	2021	2021	7	0.303625	0.257	0.331
577901	2021-07-22 00:00:00	2021	2021	7	0.24813541666666666	0.234	0.257
577901	2021-07-23 00:00:00	2021	2021	7	0.2305625	0.212	0.234
577901	2021-07-24 00:00:00	2021	2021	7	0.2264375	0.212	0.234
577901	2021-07-25 00:00:00	2021	2021	7	0.21245833333333333	0.212	0.234
577901	2021-07-26 00:00:00	2021	2021	7	0.2140625	0.212	0.234
577901	2021-07-27 00:00:00	2021	2021	7	0.212	0.212	0.212
577901	2021-07-28 00:00:00	2021	2021	7	0.20784375	0.191	0.212
577901	2021-07-29 00:00:00	2021	2021	7	0.19821875	0.191	0.212
577901	2021-07-30 00:00:00	2021	2021	7	0.191	0.191	0.191
577901	2021-07-31 00:00:00	2021	2021	7	0.1949375	0.191	0.212
577901	2021-08-01 00:00:00	2021	2021	8	0.20308333333333334	0.191	0.257
577901	2021-08-02 00:00:00	2021	2021	8	0.22465625	0.212	0.305
577901	2021-08-03 00:00:00	2021	2021	8	0.24082291666666666	0.212	0.305
577901	2021-08-04 00:00:00	2021	2021	8	0.26347916666666665	0.234	0.331
577901	2021-08-05 00:00:00	2021	2021	8	0.3162291666666667	0.212	0.639
577901	2021-08-06 00:00:00	2021	2021	8	0.29571875	0.257	0.385
577901	2021-08-07 00:00:00	2021	2021	8	0.21944791666666666	0.212	0.257
577901	2021-08-08 00:00:00	2021	2021	8	0.20346875	0.191	0.212
577901	2021-08-09 00:00:00	2021	2021	8	0.191	0.191	0.191
577901	2021-08-10 00:00:00	2021	2021	8	0.19340625	0.191	0.212
577901	2021-08-11 00:00:00	2021	2021	8	0.20915625	0.191	0.212
577901	2021-08-12 00:00:00	2021	2021	8	0.25433333333333336	0.191	0.674
577901	2021-08-13 00:00:00	2021	2021	8	0.20719791666666668	0.191	0.234
577901	2021-08-14 00:00:00	2021	2021	8	0.191	0.191	0.191
577901	2021-08-15 00:00:00	2021	2021	8	0.200875	0.191	0.234
577901	2021-08-16 00:00:00	2021	2021	8	0.21430208333333334	0.191	0.358
577901	2021-08-17 00:00:00	2021	2021	8	0.20965625	0.191	0.234
577901	2021-08-18 00:00:00	2021	2021	8	0.191	0.191	0.191
577901	2021-08-19 00:00:00	2021	2021	8	0.20673958333333334	0.191	0.234
577901	2021-08-20 00:00:00	2021	2021	8	0.20998958333333334	0.191	0.234
577901	2021-08-21 00:00:00	2021	2021	8	0.191	0.191	0.191
577901	2021-08-22 00:00:00	2021	2021	8	0.191	0.191	0.191
577901	2021-08-23 00:00:00	2021	2021	8	0.9421666666666667	0.191	2.01
577901	2021-08-24 00:00:00	2021	2021	8	0.999125	0.474	1.67
577901	2021-08-25 00:00:00	2021	2021	8	0.51725	0.358	0.604
577901	2021-08-26 00:00:00	2021	2021	8	0.5471666666666667	0.443	0.748
577901	2021-08-27 00:00:00	2021	2021	8	1.4829166666666667	0.639	2.84
577901	2021-08-28 00:00:00	2021	2021	8	4.300520833333334	1.67	7.67
577901	2021-08-29 00:00:00	2021	2021	8	4.472708333333333	3.58	6.62
577901	2021-08-30 00:00:00	2021	2021	8	3.8138541666666668	3.24	4.42
577901	2021-08-31 00:00:00	2021	2021	8	4.571041666666667	4.42	4.79
577901	2021-09-01 00:00:00	2021	2021	9	3.52625	2.64	4.42
577901	2021-09-02 00:00:00	2021	2021	9	1.814625	0.711	2.64
577901	2021-09-03 00:00:00	2021	2021	9	0.6674895833333333	0.639	0.711
577901	2021-09-04 00:00:00	2021	2021	9	0.6189479166666667	0.604	0.639
577901	2021-09-05 00:00:00	2021	2021	9	0.6032916666666667	0.57	0.604
577901	2021-09-06 00:00:00	2021	2021	9	0.5459270833333333	0.505	0.57
577901	2021-09-07 00:00:00	2021	2021	9	0.4966041666666667	0.474	0.505
577901	2021-09-08 00:00:00	2021	2021	9	0.4305729166666667	0.358	0.474
577901	2021-09-09 00:00:00	2021	2021	9	0.3724166666666667	0.358	0.474
577901	2021-09-10 00:00:00	2021	2021	9	0.34675	0.331	0.358
577901	2021-09-11 00:00:00	2021	2021	9	0.36582291666666666	0.331	0.414
577901	2021-09-12 00:00:00	2021	2021	9	0.37155208333333334	0.358	0.443
577901	2021-09-13 00:00:00	2021	2021	9	0.36961458333333336	0.358	0.414
577901	2021-09-14 00:00:00	2021	2021	9	0.30053125	0.257	0.358
577901	2021-09-15 00:00:00	2021	2021	9	0.259	0.257	0.281
577901	2021-09-16 00:00:00	2021	2021	9	0.2852708333333333	0.257	0.331
577901	2021-09-17 00:00:00	2021	2021	9	0.2855	0.281	0.305
577901	2021-09-18 00:00:00	2021	2021	9	0.281	0.281	0.281
577901	2021-09-19 00:00:00	2021	2021	9	0.281	0.281	0.281
577901	2021-09-20 00:00:00	2021	2021	9	0.26525	0.257	0.281
577901	2021-09-21 00:00:00	2021	2021	9	0.257	0.257	0.257
577901	2021-09-22 00:00:00	2021	2021	9	0.3145104166666667	0.257	0.414
577901	2021-09-23 00:00:00	2021	2021	9	0.307125	0.281	0.358
577901	2021-09-24 00:00:00	2021	2021	9	0.3050625	0.281	0.331
577901	2021-09-25 00:00:00	2021	2021	9	0.281	0.281	0.281
577901	2021-09-26 00:00:00	2021	2021	9	0.27975	0.257	0.281
577901	2021-09-27 00:00:00	2021	2021	9	0.2685	0.257	0.281
577901	2021-09-28 00:00:00	2021	2021	9	0.281	0.281	0.281
577901	2021-09-29 00:00:00	2021	2021	9	0.3688854166666667	0.281	0.57
577901	2021-09-30 00:00:00	2021	2021	9	0.3115625	0.257	0.443
577901	2021-10-01 00:00:00	2021	2021	10	0.29596875	0.257	0.358
577901	2021-10-02 00:00:00	2021	2021	10	0.33176041666666667	0.281	0.358
577901	2021-10-03 00:00:00	2021	2021	10	0.34592708333333333	0.305	0.385
577901	2021-10-04 00:00:00	2021	2021	10	0.349	0.331	0.358
577901	2021-10-05 00:00:00	2021	2021	10	0.3885625	0.305	0.604
577901	2021-10-06 00:00:00	2021	2021	10	0.36628125	0.305	0.443
577901	2021-10-07 00:00:00	2021	2021	10	0.2957604166666667	0.257	0.358
577901	2021-10-08 00:00:00	2021	2021	10	0.257	0.257	0.257
577901	2021-10-09 00:00:00	2021	2021	10	0.28325	0.257	0.358
577901	2021-10-10 00:00:00	2021	2021	10	0.262	0.257	0.281
577901	2021-10-11 00:00:00	2021	2021	10	0.257	0.257	0.257
577901	2021-10-12 00:00:00	2021	2021	10	0.30405208333333333	0.257	0.414
577901	2021-10-13 00:00:00	2021	2021	10	0.346125	0.305	0.443
577901	2021-10-14 00:00:00	2021	2021	10	0.39665625	0.281	0.787
577901	2021-10-15 00:00:00	2021	2021	10	0.47060416666666666	0.414	0.639
577901	2021-10-16 00:00:00	2021	2021	10	0.43159375	0.331	0.537
577901	2021-10-17 00:00:00	2021	2021	10	0.35883333333333334	0.331	0.414
577901	2021-10-18 00:00:00	2021	2021	10	0.36323958333333334	0.281	0.604
577901	2021-10-19 00:00:00	2021	2021	10	0.31615625	0.281	0.414
577901	2021-10-20 00:00:00	2021	2021	10	0.25775	0.257	0.281
577901	2021-10-21 00:00:00	2021	2021	10	0.23892708333333335	0.152	0.474
577901	2021-10-22 00:00:00	2021	2021	10	0.3433541666666667	0.305	0.414
577901	2021-10-23 00:00:00	2021	2021	10	0.35310416666666666	0.257	0.505
577901	2021-10-24 00:00:00	2021	2021	10	0.33417708333333335	0.305	0.385
577901	2021-10-25 00:00:00	2021	2021	10	0.3055	0.257	0.537
577901	2021-10-26 00:00:00	2021	2021	10	0.4489375	0.358	0.604
577901	2021-10-27 00:00:00	2021	2021	10	0.3712708333333333	0.305	0.474
577901	2021-10-28 00:00:00	2021	2021	10	0.4362916666666667	0.358	0.505
577901	2021-10-29 00:00:00	2021	2021	10	0.38910416666666664	0.358	0.414
577901	2021-10-30 00:00:00	2021	2021	10	0.34171875	0.305	0.385
577901	2021-10-31 00:00:00	2021	2021	10	0.3189895833333333	0.281	0.414
577901	2021-11-01 00:00:00	2021	2022	11	0.272	0.257	0.305
577901	2021-11-02 00:00:00	2021	2022	11	0.27	0.257	0.281
577901	2021-11-03 00:00:00	2021	2022	11	0.3740833333333333	0.257	0.443
577901	2021-11-04 00:00:00	2021	2022	11	0.93728125	0.331	2.19
577901	2021-11-05 00:00:00	2021	2022	11	1.5424791666666666	0.826	2.13
577901	2021-11-06 00:00:00	2021	2022	11	1.3236458333333334	1.22	1.56
577901	2021-11-07 00:00:00	2021	2022	11	1.2076041666666666	1.12	1.31
577901	2021-11-08 00:00:00	2021	2022	11	1.1131354166666667	0.991	1.31
577901	2021-11-09 00:00:00	2021	2022	11	1.1083541666666668	0.991	1.41
577901	2021-11-10 00:00:00	2021	2022	11	1.0435729166666667	0.948	1.36
577901	2021-11-11 00:00:00	2021	2022	11	1.0059583333333333	0.537	1.41
577901	2021-11-12 00:00:00	2021	2022	11	0.45277083333333334	0.385	0.537
577901	2021-11-13 00:00:00	2021	2022	11	0.40140625	0.385	0.57
577901	2021-11-14 00:00:00	2021	2022	11	0.377125	0.358	0.385
577901	2021-11-15 00:00:00	2021	2022	11	0.33767708333333335	0.305	0.385
577901	2021-11-16 00:00:00	2021	2022	11	0.29475	0.281	0.305
577901	2021-11-17 00:00:00	2021	2022	11	0.2795	0.257	0.305
577901	2021-11-18 00:00:00	2021	2022	11	0.257	0.257	0.257
577901	2021-11-19 00:00:00	2021	2022	11	0.29575	0.257	0.331
577901	2021-11-20 00:00:00	2021	2022	11	0.30452083333333335	0.281	0.331
577901	2021-11-21 00:00:00	2021	2022	11	0.274	0.257	0.281
577901	2021-11-22 00:00:00	2021	2022	11	0.276	0.257	0.281
577901	2021-11-23 00:00:00	2021	2022	11	0.266	0.257	0.305
577901	2021-11-24 00:00:00	2021	2022	11	0.26989583333333333	0.257	0.331
577901	2021-11-25 00:00:00	2021	2022	11	0.26625	0.257	0.305
577901	2021-11-26 00:00:00	2021	2022	11	0.27091666666666664	0.257	0.331
577901	2021-11-27 00:00:00	2021	2022	11	0.27375	0.257	0.305
577901	2021-11-28 00:00:00	2021	2022	11	0.281	0.281	0.281
577901	2021-11-29 00:00:00	2021	2022	11	0.268	0.257	0.281
577901	2021-11-30 00:00:00	2021	2022	11	0.31295833333333334	0.281	0.331
577901	2021-12-01 00:00:00	2021	2022	12	0.44345833333333334	0.331	0.604
577901	2021-12-02 00:00:00	2021	2022	12	0.48865625	0.414	0.57
577901	2021-12-03 00:00:00	2021	2022	12	0.4776666666666667	0.414	0.505
577901	2021-12-04 00:00:00	2021	2022	12	0.41671875	0.414	0.443
577901	2021-12-05 00:00:00	2021	2022	12	0.4820729166666667	0.443	0.505
577901	2021-12-06 00:00:00	2021	2022	12	0.47722916666666665	0.443	0.505
577901	2021-12-07 00:00:00	2021	2022	12	0.505	0.505	0.505
577901	2021-12-08 00:00:00	2021	2022	12	0.4875625	0.443	0.505
577901	2021-12-09 00:00:00	2021	2022	12	0.46146875	0.443	0.537
577901	2021-12-10 00:00:00	2021	2022	12	0.47819791666666667	0.474	0.505
577901	2021-12-11 00:00:00	2021	2022	12	0.4559166666666667	0.443	0.474
577901	2021-12-12 00:00:00	2021	2022	12	0.43272916666666666	0.414	0.443
577901	2021-12-13 00:00:00	2021	2022	12	0.49333333333333335	0.414	0.604
577901	2021-12-14 00:00:00	2021	2022	12	0.6931979166666666	0.57	0.866
577901	2021-12-15 00:00:00	2021	2022	12	0.83540625	0.674	0.866
577901	2021-12-16 00:00:00	2021	2022	12	0.6557708333333333	0.639	0.674
577901	2021-12-17 00:00:00	2021	2022	12	0.639	0.639	0.639
577901	2021-12-18 00:00:00	2021	2022	12	0.639	0.639	0.639
577901	2021-12-19 00:00:00	2021	2022	12	0.639	0.639	0.639
577901	2021-12-20 00:00:00	2021	2022	12	0.6059270833333333	0.537	0.639
577901	2021-12-21 00:00:00	2021	2022	12	0.537	0.537	0.537
577901	2021-12-22 00:00:00	2021	2022	12	0.5093333333333333	0.505	0.537
577901	2021-12-23 00:00:00	2021	2022	12	0.505	0.505	0.505
577901	2021-12-24 00:00:00	2021	2022	12	0.876125	0.505	1.12
577901	2021-12-25 00:00:00	2021	2022	12	0.96615625	0.866	1.03
577901	2021-12-26 00:00:00	2021	2022	12	0.7752708333333334	0.443	1.03
577901	2021-12-27 00:00:00	2021	2022	12	1.1049166666666668	0.674	1.78
577901	2021-12-28 00:00:00	2021	2022	12	1.4323958333333333	0.948	1.78
577901	2021-12-29 00:00:00	2021	2022	12	1.320625	1.17	1.62
577901	2021-12-30 00:00:00	2021	2022	12	1.6075	1.56	1.62
577901	2021-12-31 00:00:00	2021	2022	12	1.5058333333333334	1.46	1.56
577901	2022-01-01 00:00:00	2022	2022	1	1.4110416666666667	1.36	1.46
577901	2022-01-02 00:00:00	2022	2022	1	1.3433333333333333	1.31	1.36
577901	2022-01-03 00:00:00	2022	2022	1	1.2164583333333334	1.03	1.36
577901	2022-01-04 00:00:00	2022	2022	1	3.1014583333333334	1.03	6.76
577901	2022-01-05 00:00:00	2022	2022	1	5.6128125	5.16	6.42
577901	2022-01-06 00:00:00	2022	2022	1	4.245208333333333	2.64	5.42
577901	2022-01-07 00:00:00	2022	2022	1	2.4011458333333335	2.26	2.58
577901	2022-01-08 00:00:00	2022	2022	1	2.2586458333333335	2.19	2.44
577901	2022-01-09 00:00:00	2022	2022	1	2.2604166666666665	2.13	2.71
577901	2022-01-10 00:00:00	2022	2022	1	2.77625	2.51	2.98
577901	2022-01-11 00:00:00	2022	2022	1	2.1136458333333334	1.73	2.51
577901	2022-01-12 00:00:00	2022	2022	1	1.6378125	1.56	1.73
577901	2022-01-13 00:00:00	2022	2022	1	1.2489166666666667	0.826	1.56
577901	2022-01-14 00:00:00	2022	2022	1	0.8369166666666666	0.787	0.948
577901	2022-01-15 00:00:00	2022	2022	1	0.933125	0.906	0.948
577901	2022-01-16 00:00:00	2022	2022	1	0.8902708333333333	0.866	0.948
577901	2022-01-17 00:00:00	2022	2022	1	0.9033854166666667	0.866	0.991
577901	2022-01-18 00:00:00	2022	2022	1	0.9599479166666667	0.906	1.03
577901	2022-01-19 00:00:00	2022	2022	1	1.01375	0.991	1.03
577901	2022-01-20 00:00:00	2022	2022	1	0.9865208333333333	0.948	0.991
577901	2022-01-21 00:00:00	2022	2022	1	0.8940520833333333	0.826	0.991
577901	2022-01-22 00:00:00	2022	2022	1	1.0891354166666667	0.826	1.31
577901	2022-01-23 00:00:00	2022	2022	1	1.4203125	1.17	2.26
577901	2022-01-24 00:00:00	2022	2022	1	2.286875	2.26	2.32
577901	2022-01-25 00:00:00	2022	2022	1	2.1777083333333334	2.07	2.32
577901	2022-01-26 00:00:00	2022	2022	1	1.6663541666666666	1.22	2.07
577901	2022-01-27 00:00:00	2022	2022	1	1.2218125	0.906	1.36
577901	2022-01-28 00:00:00	2022	2022	1	1.2876041666666667	1.12	1.36
577901	2022-01-29 00:00:00	2022	2022	1	1.1246875	1.12	1.17
577901	2022-01-30 00:00:00	2022	2022	1	1.1122916666666667	1.03	1.22
577901	2022-01-31 00:00:00	2022	2022	1	1.04103125	0.948	1.17
577901	2022-02-01 00:00:00	2022	2022	2	1.2594791666666667	1.17	1.67
577901	2022-02-02 00:00:00	2022	2022	2	1.9615625	1.67	2.26
577901	2022-02-03 00:00:00	2022	2022	2	2.08875	2.01	2.19
577901	2022-02-04 00:00:00	2022	2022	2	1.664375	1.31	2.01
577901	2022-02-05 00:00:00	2022	2022	2	1.2698958333333332	1.26	1.36
577901	2022-02-06 00:00:00	2022	2022	2	1.1898958333333334	1.17	1.26
577901	2022-02-07 00:00:00	2022	2022	2	1.1929166666666666	1.17	1.22
577901	2022-02-08 00:00:00	2022	2022	2	1.0719375	0.991	1.17
577901	2022-02-09 00:00:00	2022	2022	2	0.9216354166666667	0.826	0.991
577901	2022-02-10 00:00:00	2022	2022	2	0.83225	0.826	0.906
577901	2022-02-11 00:00:00	2022	2022	2	1.5600729166666667	0.826	2.07
577901	2022-02-12 00:00:00	2022	2022	2	1.7045833333333333	1.56	1.95
577901	2022-02-13 00:00:00	2022	2022	2	1.4714583333333333	1.41	1.56
577901	2022-02-14 00:00:00	2022	2022	2	1.6929166666666666	1.36	2.07
577901	2022-02-15 00:00:00	2022	2022	2	1.6729166666666666	1.26	2.07
577901	2022-02-16 00:00:00	2022	2022	2	1.1844791666666667	1.08	1.26
577901	2022-02-17 00:00:00	2022	2022	2	3.140833333333333	1.08	5.23
577901	2022-02-18 00:00:00	2022	2022	2	2.939375	1.62	4.48
577901	2022-02-19 00:00:00	2022	2022	2	1.3954166666666667	1.31	1.56
577901	2022-02-20 00:00:00	2022	2022	2	1.2657291666666666	1.26	1.31
577901	2022-02-21 00:00:00	2022	2022	2	1.2308333333333332	1.22	1.26
577901	2022-02-22 00:00:00	2022	2022	2	1.2277083333333334	1.12	1.31
577901	2022-02-23 00:00:00	2022	2022	2	0.9802916666666667	0.787	1.12
577901	2022-02-24 00:00:00	2022	2022	2	0.7771354166666666	0.674	0.787
577901	2022-02-25 00:00:00	2022	2022	2	0.6233229166666666	0.604	0.674
577901	2022-02-26 00:00:00	2022	2022	2	0.60490625	0.57	0.711
577901	2022-02-27 00:00:00	2022	2022	2	0.57	0.57	0.57
577901	2022-02-28 00:00:00	2022	2022	2	0.57	0.57	0.57
577901	2022-03-01 00:00:00	2022	2022	3	0.5425	0.537	0.57
577901	2022-03-02 00:00:00	2022	2022	3	0.537	0.537	0.537
577901	2022-03-03 00:00:00	2022	2022	3	0.5371354166666666	0.505	0.639
577901	2022-03-04 00:00:00	2022	2022	3	0.5063333333333333	0.505	0.537
577901	2022-03-05 00:00:00	2022	2022	3	0.50015625	0.474	0.505
577901	2022-03-06 00:00:00	2022	2022	3	0.505	0.505	0.505
577901	2022-03-07 00:00:00	2022	2022	3	0.47496875	0.474	0.505
577901	2022-03-08 00:00:00	2022	2022	3	0.474	0.474	0.474
